id|enroll_year|program|current_year|sem_gpa|year_gpa
std0001|2021|BSc CSIT|4|[3.71,2.93,2.18,2.24,3.48,2.33,2.24,3.0]|[3.32,2.21,2.91,2.62]
std0002|2021|BSc CSIT|4|3.7,3.8,2.8,3,3.2,3.6,2.7,3|3,3,3,3
std0003|2021|BSc CSIT|4|[2.29,2.09,3.46,3.54,3.2,3.81,2.46]|[2.19,3.5,3.5,2.46]
std0004|2021|BSc CSIT|4|[2.26,2.12,2.14,3.53,2.85,2.79,3.48,3.12]|[2.19,2.83,2.82,3.3]
std0005|2021|BSc CSIT|4|[3.68,2.25,2.35,2.75,2.11,3.11,2.22,2.05]|[2.96,2.55,2.61,2.13]
std0006|2021|BSc CSIT|4|[3.53,2.66,2.79,3.78,3.86,2.51,3.34]|[3.09,3.29,3.18,3.34]
std0007|2021|BSc CSIT|4|[2.67,2.45,2.63,2.06,2.54,3.62,3.45,2.41]|[2.56,2.34,3.08,2.93]
std0008|2021|BSc CSIT|4|[2.49,2.77,3.78,3.4,2.65,3.52,2.51]|[2.63,3.59,3.08,2.51]
std0009|2021|BSc CSIT|4|[2.78,3.18,3.58,2.9,2.47,2.24,2.63]|[2.98,3.24,2.36,2.63]
std0010|2021|BSc CSIT|4|[2.49,2.11,3.56,2.22,3.56,3.91,2.59]|[2.3,2.89,3.74,2.59]
std0011|2021|BSc CSIT|4|[2.63,2.32,3.29,2.24,2.97,2.74,2.76]|[2.47,2.77,2.86,2.76]
std0012|2021|BSc CSIT|4|[3.66,3.52,2.6,2.82,2.67,3.39,2.93,2.75]|[3.59,2.71,3.03,2.84]
std0013|2021|BSc CSIT|4|[2.77,3.92,3.13,3.42,3.27,2.8,2.42]|[3.34,3.27,3.04,2.42]
std0014|2021|BSc CSIT|4|[2.39,2.14,2.92,2.8,3.27,2.71,2.88,2.03]|[2.27,2.86,2.99,2.46]
std0015|2021|BSc CSIT|4|[2.93,2.53,2.12,3.82,3.75,2.13,3.09,2.69]|[2.73,2.97,2.94,2.89]
std0016|2021|BSc CSIT|4|[3.69,3.55,3.5,2.82,2.64,2.74,3.34,3.15]|[3.62,3.16,2.69,3.25]
std0017|2021|BSc CSIT|4|[2.33,3.12,2.6,2.21,2.88,2.48,3.16,2.63]|[2.73,2.41,2.68,2.9]
std0018|2021|BSc CSIT|4|[3.95,3.48,2.41,3.96,2.25,3.0,3.8]|[3.71,3.19,2.62,3.8]
std0019|2021|BSc CSIT|4|[3.35,3.96,2.85,3.79,3.41,2.09,2.11]|[3.66,3.32,2.75,2.11]
std0020|2021|BSc CSIT|4|[2.83,2.08,2.61,2.52,2.03,3.35,3.62,3.61]|[2.46,2.56,2.69,3.62]
std0021|2022|BCA|4|[2.59,3.66,3.24,2.45,2.44,3.37,3.97]|[3.12,2.85,2.91,3.97]
std0022|2022|BCA|4|[2.12,2.47,2.53,3.81,3.4,2.39,3.14]|[2.29,3.17,2.9,3.14]
std0023|2022|BCA|4|[3.01,2.97,2.33,3.2,3.38,2.84,2.08]|[2.99,2.77,3.11,2.08]
std0024|2022|BCA|4|[2.21,3.94,3.46,3.58,2.3,3.4,2.1]|[3.08,3.52,2.85,2.1]
std0025|2022|BCA|4|[2.37,3.13,2.57,2.93,3.87,2.94,3.64]|[2.75,2.75,3.41,3.64]
std0026|2022|BCA|4|[2.2,2.16,3.09,2.68,3.16,3.42,2.17]|[2.18,2.88,3.29,2.17]
std0027|2022|BCA|4|[3.79,3.29,3.18,3.85,2.43,3.51,3.19]|[3.54,3.52,2.97,3.19]
std0028|2022|BCA|4|[2.85,3.57,3.56,2.55,3.45,2.01,2.11]|[3.21,3.05,2.73,2.11]
std0029|2022|BCA|4|[3.19,3.02,3.01,3.35,2.21,3.17,3.48]|[3.1,3.18,2.69,3.48]
std0030|2022|BCA|4|[2.37,2.02,2.85,2.51,3.59,3.59,3.18]|[2.2,2.68,3.59,3.18]
std0031|2022|BCA|4|[2.4,2.39,3.29,2.6,2.29,3.17,2.9,3.99]|[2.4,2.95,2.73,3.45]
std0032|2022|BCA|4|[2.31,3.53,2.69,3.93,2.07,3.96,3.05]|[2.92,3.31,3.01,3.05]
std0033|2022|BCA|4|[2.32,2.23,2.96,2.09,2.87,3.11,3.78]|[2.27,2.52,2.99,3.78]
std0034|2022|BCA|4|[3.93,2.21,3.88,2.39,2.34,2.47,2.73]|[3.07,3.13,2.41,2.73]
std0035|2022|BCA|4|[2.02,3.58,3.94,3.41,3.94,3.95,2.18]|[2.8,3.67,3.95,2.18]
std0036|2022|BCA|4|[3.69,3.89,2.74,3.34,2.12,2.02,3.15,3.38]|[3.79,3.04,2.07,3.26]
std0037|2022|BCA|4|[2.43,3.52,3.34,3.09,3.56,3.63,3.79,2.94]|[2.98,3.21,3.59,3.37]
std0038|2022|BCA|4|[2.79,2.39,2.86,2.88,2.85,2.4,3.65]|[2.59,2.87,2.62,3.65]
std0039|2022|BCA|4|[2.33,3.94,3.2,2.7,2.49,2.56,3.72]|[3.13,2.95,2.53,3.72]
std0040|2022|BCA|4|[3.84,2.03,2.85,2.64,3.45,3.55,3.9]|[2.93,2.75,3.5,3.9]
std0041|2023|BE Civil|3|[2.06,2.64,3.96,3.26,3.83]|[2.35,3.61,3.83]
std0042|2023|BE Civil|3|[2.82,2.47,3.57,3.34,3.49,2.8]|[2.65,3.46,3.15]
std0043|2023|BE Civil|3|[3.39,3.76,3.11,2.41,3.47]|[3.58,2.76,3.47]
std0044|2023|BE Civil|3|[3.64,3.57,2.51,3.47,2.79]|[3.6,2.99,2.79]
std0045|2023|BE Civil|3|[3.58,2.33,3.05,3.39,2.14,3.97]|[2.96,3.22,3.06]
std0046|2023|BE Civil|3|[3.47,2.25,2.32,3.7,3.51]|[2.86,3.01,3.51]
std0047|2023|BE Civil|3|[2.01,3.76,2.77,3.11,3.76,2.26]|[2.88,2.94,3.01]
std0048|2023|BE Civil|3|[2.76,3.32,2.0,3.53,2.54,3.0]|[3.04,2.76,2.77]
std0049|2023|BE Civil|3|[2.72,2.0,3.82,3.9,2.53,2.34]|[2.36,3.86,2.43]
std0050|2023|BE Civil|3|[3.97,3.12,2.05,3.0,2.18]|[3.54,2.52,2.18]
std0051|2023|BE Civil|3|[3.47,2.36,3.1,3.3,3.57,3.27]|[2.92,3.2,3.42]
std0052|2023|BE Civil|3|[3.5,2.41,3.99,3.11,3.72]|[2.96,3.55,3.72]
std0053|2023|BE Civil|3|[2.3,2.19,3.41,2.92,3.72,3.5]|[2.25,3.17,3.61]
std0054|2023|BE Civil|3|[2.23,3.93,3.25,2.06,2.03,3.62]|[3.08,2.66,2.83]
std0055|2023|BE Civil|3|[2.6,2.46,2.64,2.93,2.92]|[2.53,2.79,2.92]
std0056|2023|BE Civil|3|[3.17,3.09,3.33,2.22,3.49,2.35]|[3.13,2.78,2.92]
std0057|2023|BE Civil|3|[3.48,2.85,3.02,3.11,3.8]|[3.17,3.06,3.8]
std0058|2023|BE Civil|3|[3.46,2.1,3.59,3.47,3.35]|[2.78,3.53,3.35]
std0059|2023|BE Civil|3|[2.03,2.73,3.98,2.59,3.3,3.78]|[2.38,3.29,3.54]
std0060|2023|BE Civil|3|[3.34,2.7,3.25,2.94,3.38]|[3.02,3.09,3.38]
std0061|2024|BE Electronics|2|[3.06,3.4,2.81]|[3.23,2.81]
std0062|2024|BE Electronics|2|[3.18,3.92,2.85]|[3.55,2.85]
std0063|2024|BE Electronics|2|[2.47,3.7,2.37]|[3.08,2.37]
std0064|2024|BE Electronics|2|[3.96,2.12,2.7,3.46]|[3.04,3.08]
std0065|2024|BE Electronics|2|[2.04,2.5,3.37]|[2.27,3.37]
std0066|2024|BE Electronics|2|[2.66,2.8,3.14]|[2.73,3.14]
std0067|2024|BE Electronics|2|[2.76,2.84,3.25]|[2.8,3.25]
std0068|2024|BE Electronics|2|[3.29,3.42,3.47,2.79]|[3.35,3.13]
std0069|2024|BE Electronics|2|[3.09,3.13,2.75]|[3.11,2.75]
std0070|2024|BE Electronics|2|[3.72,3.41,2.57]|[3.57,2.57]
std0071|2024|BE Electronics|2|[3.05,3.21,3.7,2.28]|[3.13,2.99]
std0072|2024|BE Electronics|2|[2.97,3.59,2.01,2.47]|[3.28,2.24]
std0073|2024|BE Electronics|2|[2.79,2.83,2.96]|[2.81,2.96]
std0074|2024|BE Electronics|2|[2.45,2.78,3.78]|[2.62,3.78]
std0075|2024|BE Electronics|2|[3.9,3.84,3.27]|[3.87,3.27]
std0076|2024|BE Electronics|2|[2.72,3.56,2.89,2.89]|[3.14,2.89]
std0077|2024|BE Electronics|2|[2.28,3.16,2.2,3.6]|[2.72,2.9]
std0078|2024|BE Electronics|2|[3.87,3.13,2.06,3.21]|[3.5,2.63]
std0079|2024|BE Electronics|2|[2.33,2.73,2.99,3.72]|[2.53,3.36]
std0080|2024|BE Electronics|2|[2.22,3.07,3.97]|[2.65,3.97]
std0081|2021|BBA|4|[3.26,2.92,3.33,2.56,3.32,2.57,3.0,2.21]|[3.09,2.95,2.94,2.6]
std0082|2021|BBA|4|[3.9,3.4,2.2,2.54,3.97,2.62,2.93]|[3.65,2.37,3.29,2.93]
std0083|2021|BBA|4|[2.08,2.19,2.15,3.49,2.29,3.05,3.77,3.81]|[2.13,2.82,2.67,3.79]
std0084|2021|BBA|4|[3.5,2.86,3.54,3.27,2.23,2.14,2.81,2.2]|[3.18,3.41,2.19,2.5]
std0085|2021|BBA|4|[2.0,4.0,2.21,3.21,3.82,2.39,2.21,2.42]|[3.0,2.71,3.1,2.31]
std0086|2021|BBA|4|[2.49,3.74,2.65,2.04,3.43,3.79,2.48,2.06]|[3.12,2.34,3.61,2.27]
std0087|2021|BBA|4|[2.85,2.53,3.26,3.89,2.91,3.8,3.09,2.75]|[2.69,3.58,3.35,2.92]
std0088|2021|BBA|4|[2.49,2.65,2.75,3.78,3.18,2.39,2.84]|[2.57,3.26,2.79,2.84]
std0089|2021|BBA|4|[3.43,3.69,3.18,3.47,3.19,3.76,2.63,2.96]|[3.56,3.33,3.47,2.79]
std0090|2021|BBA|4|[2.44,2.2,3.44,2.55,3.17,2.82,2.1,3.65]|[2.32,3.0,3.0,2.88]
std0091|2021|BBA|4|[3.34,2.91,2.22,3.7,3.23,2.94,2.72,2.23]|[3.12,2.96,3.08,2.48]
std0092|2021|BBA|4|[2.04,3.88,2.69,3.54,2.1,3.87,2.32]|[2.96,3.12,2.99,2.32]
std0093|2021|BBA|4|[2.71,3.02,3.58,2.84,3.53,3.09,2.91]|[2.87,3.21,3.31,2.91]
std0094|2021|BBA|4|[2.48,3.79,2.73,2.13,2.27,2.37,3.38,3.31]|[3.13,2.43,2.32,3.34]
std0095|2021|BBA|4|[2.3,3.86,2.67,3.99,2.51,3.99,2.73,3.82]|[3.08,3.33,3.25,3.27]
std0096|2021|BBA|4|[2.08,2.78,2.17,2.84,2.75,2.07,3.29,3.7]|[2.43,2.5,2.41,3.5]
std0097|2021|BBA|4|[3.71,2.04,2.28,2.84,3.01,3.32,2.29,3.47]|[2.88,2.56,3.17,2.88]
std0098|2021|BBA|4|[2.76,2.39,3.67,3.24,2.78,3.94,3.51,2.32]|[2.58,3.46,3.36,2.92]
std0099|2021|BBA|4|[2.47,2.39,3.66,3.16,3.97,3.19,3.09,2.31]|[2.43,3.41,3.58,2.7]
std0100|2021|BBA|4|[3.13,2.26,2.6,2.86,2.0,2.15,3.43,2.21]|[2.69,2.73,2.08,2.82]
std0101|2022|BSc Physics|4|[2.17,2.95,2.26,2.09,3.35,3.62,3.91,3.84]|[2.56,2.17,3.49,3.88]
std0102|2022|BSc Physics|4|[3.79,2.91,3.83,2.17,3.91,2.94,2.79]|[3.35,3.0,3.42,2.79]
std0103|2022|BSc Physics|4|[3.26,2.08,2.82,3.42,3.04,3.05,2.44,3.84]|[2.67,3.12,3.04,3.14]
std0104|2022|BSc Physics|4|[3.43,3.71,2.03,3.02,3.12,2.3,2.46,2.14]|[3.57,2.52,2.71,2.3]
std0105|2022|BSc Physics|4|[2.33,3.32,3.67,3.91,2.73,2.85,3.75,2.45]|[2.83,3.79,2.79,3.1]
std0106|2022|BSc Physics|4|[2.12,3.75,2.06,3.29,3.56,2.82,2.71]|[2.94,2.67,3.19,2.71]
std0107|2022|BSc Physics|4|[2.45,2.57,2.43,2.66,3.89,2.58,2.89]|[2.51,2.54,3.24,2.89]
std0108|2022|BSc Physics|4|[2.98,2.08,2.99,2.26,3.2,3.18,3.26]|[2.53,2.62,3.19,3.26]
std0109|2022|BSc Physics|4|[3.82,3.66,2.02,3.06,2.83,3.42,3.01,2.21]|[3.74,2.54,3.12,2.61]
std0110|2022|BSc Physics|4|[2.65,2.91,2.64,2.09,3.31,2.8,2.39]|[2.78,2.37,3.05,2.39]
std0111|2022|BSc Physics|4|[2.46,3.18,3.96,2.01,2.41,3.98,2.52,2.35]|[2.82,2.98,3.2,2.44]
std0112|2022|BSc Physics|4|[3.99,2.96,3.14,2.71,3.88,2.01,2.59,3.69]|[3.48,2.92,2.94,3.14]
std0113|2022|BSc Physics|4|[2.55,3.52,3.01,2.15,2.37,2.78,3.99]|[3.04,2.58,2.58,3.99]
std0114|2022|BSc Physics|4|[3.59,2.31,3.82,3.21,2.87,2.71,3.93,3.56]|[2.95,3.51,2.79,3.75]
std0115|2022|BSc Physics|4|[2.54,3.49,2.47,2.71,2.72,3.94,2.18,2.14]|[3.02,2.59,3.33,2.16]
std0116|2022|BSc Physics|4|[2.97,3.72,3.14,3.86,3.06,2.34,3.74]|[3.35,3.5,2.7,3.74]
std0117|2022|BSc Physics|4|[2.2,2.58,3.04,2.84,3.41,2.78,2.06]|[2.39,2.94,3.09,2.06]
std0118|2022|BSc Physics|4|[3.65,3.91,2.73,2.19,3.46,3.37,2.2,2.07]|[3.78,2.46,3.42,2.13]
std0119|2022|BSc Physics|4|[3.07,2.14,3.41,2.95,3.99,2.66,2.87,2.93]|[2.6,3.18,3.33,2.9]
std0120|2022|BSc Physics|4|[2.84,3.82,2.12,3.26,3.7,2.18,3.4,2.33]|[3.33,2.69,2.94,2.87]
std0121|2023|BSc Chemistry|3|[3.11,3.51,2.51,2.98,2.67]|[3.31,2.75,2.67]
std0122|2023|BSc Chemistry|3|[2.33,2.78,2.95,2.17,2.37,3.49]|[2.55,2.56,2.93]
std0123|2023|BSc Chemistry|3|[3.47,2.91,3.11,3.81,2.99,2.08]|[3.19,3.46,2.54]
std0124|2023|BSc Chemistry|3|[3.58,3.0,2.24,2.42,3.52,2.48]|[3.29,2.33,3.0]
std0125|2023|BSc Chemistry|3|[2.88,2.14,2.24,3.19,3.79,2.23]|[2.51,2.71,3.01]
std0126|2023|BSc Chemistry|3|[3.6,3.57,2.67,2.73,2.81]|[3.58,2.7,2.81]
std0127|2023|BSc Chemistry|3|[3.8,3.82,3.67,2.45,2.43,2.91]|[3.81,3.06,2.67]
std0128|2023|BSc Chemistry|3|[2.88,2.85,3.23,3.28,2.57,3.25]|[2.87,3.25,2.91]
std0129|2023|BSc Chemistry|3|[3.22,3.67,3.03,3.61,3.4]|[3.45,3.32,3.4]
std0130|2023|BSc Chemistry|3|[2.67,3.02,2.66,2.23,3.97,3.65]|[2.84,2.45,3.81]
std0131|2023|BSc Chemistry|3|[2.72,2.6,2.96,3.97,3.37,3.75]|[2.66,3.46,3.56]
std0132|2023|BSc Chemistry|3|[2.24,2.93,3.82,2.21,2.33,2.26]|[2.58,3.01,2.29]
std0133|2023|BSc Chemistry|3|[3.09,2.26,3.21,2.04,2.3,3.68]|[2.67,2.62,2.99]
std0134|2023|BSc Chemistry|3|[2.01,2.81,2.27,2.61,2.84,2.76]|[2.41,2.44,2.8]
std0135|2023|BSc Chemistry|3|[2.08,2.21,2.27,3.99,3.31,3.16]|[2.15,3.13,3.24]
std0136|2023|BSc Chemistry|3|[2.01,3.23,2.96,3.31,3.4,2.47]|[2.62,3.13,2.94]
std0137|2023|BSc Chemistry|3|[3.06,2.58,2.46,3.1,3.08,3.6]|[2.82,2.78,3.34]
std0138|2023|BSc Chemistry|3|[2.07,3.31,3.34,3.42,2.97,3.35]|[2.69,3.38,3.16]
std0139|2023|BSc Chemistry|3|[3.67,3.81,2.75,3.27,2.29,3.06]|[3.74,3.01,2.67]
std0140|2023|BSc Chemistry|3|[3.78,2.74,3.0,3.55,3.5,2.82]|[3.26,3.27,3.16]
std0141|2024|BA Sociology|2|[3.77,2.76,3.44,2.2]|[3.26,2.82]
std0142|2024|BA Sociology|2|[3.9,3.29,2.59,3.06]|[3.59,2.83]
std0143|2024|BA Sociology|2|[2.21,3.97,2.24]|[3.09,2.24]
std0144|2024|BA Sociology|2|[2.92,2.78,2.96]|[2.85,2.96]
std0145|2024|BA Sociology|2|[2.02,3.69,2.93,2.92]|[2.85,2.92]
std0146|2024|BA Sociology|2|[2.39,2.76,2.68]|[2.58,2.68]
std0147|2024|BA Sociology|2|[2.09,2.14,2.59,2.46]|[2.12,2.52]
std0148|2024|BA Sociology|2|[2.5,2.89,2.41,3.75]|[2.7,3.08]
std0149|2024|BA Sociology|2|[2.52,2.81,3.69]|[2.67,3.69]
std0150|2024|BA Sociology|2|[2.64,2.56,2.66]|[2.6,2.66]
std0151|2024|BA Sociology|2|[2.57,3.97,2.02]|[3.27,2.02]
std0152|2024|BA Sociology|2|[3.44,2.02,3.6]|[2.73,3.6]
std0153|2024|BA Sociology|2|[3.23,3.79,3.6,2.47]|[3.51,3.04]
std0154|2024|BA Sociology|2|[2.82,2.72,3.17]|[2.77,3.17]
std0155|2024|BA Sociology|2|[2.88,3.11,3.52,2.03]|[3.0,2.77]
std0156|2024|BA Sociology|2|[3.19,3.55,2.7]|[3.37,2.7]
std0157|2024|BA Sociology|2|[3.68,3.53,2.84,2.2]|[3.6,2.52]
std0158|2024|BA Sociology|2|[3.0,2.07,2.9]|[2.54,2.9]
std0159|2024|BA Sociology|2|[3.11,2.02,2.18]|[2.56,2.18]
std0160|2024|BA Sociology|2|[2.41,3.28,3.93,2.37]|[2.84,3.15]
std0161|2021|BE Computer|4|[3.75,3.35,3.63,2.81,3.47,3.85,3.91,2.4]|[3.55,3.22,3.66,3.16]
std0162|2021|BE Computer|4|[2.51,3.44,2.68,2.01,3.6,3.88,3.89]|[2.97,2.34,3.74,3.89]
std0163|2021|BE Computer|4|[2.09,2.11,2.2,2.39,2.19,2.84,2.89]|[2.1,2.29,2.51,2.89]
std0164|2021|BE Computer|4|[3.4,2.32,3.19,3.99,3.07,2.28,2.88]|[2.86,3.59,2.67,2.88]
std0165|2021|BE Computer|4|[3.24,3.29,3.05,3.99,2.04,2.66,3.0]|[3.27,3.52,2.35,3.0]
std0166|2021|BE Computer|4|[2.57,2.43,2.28,3.82,2.95,2.64,3.06,3.6]|[2.5,3.05,2.79,3.33]
std0167|2021|BE Computer|4|[3.23,3.7,2.6,2.56,3.93,3.8,2.94]|[3.46,2.58,3.87,2.94]
std0168|2021|BE Computer|4|[3.43,2.75,3.67,3.79,3.22,2.05,2.86,2.77]|[3.09,3.73,2.63,2.81]
std0169|2021|BE Computer|4|[3.61,2.32,3.24,3.55,2.73,2.21,3.44,3.11]|[2.96,3.4,2.47,3.27]
std0170|2021|BE Computer|4|[2.8,3.14,2.65,3.35,2.13,3.67,2.33,3.31]|[2.97,3.0,2.9,2.82]
std0171|2021|BE Computer|4|[3.34,3.79,3.76,3.87,3.15,2.76,2.22,2.52]|[3.56,3.81,2.96,2.37]
std0172|2021|BE Computer|4|[2.06,3.23,3.99,3.19,3.84,3.87,2.81,2.98]|[2.65,3.59,3.85,2.9]
std0173|2021|BE Computer|4|[3.16,3.03,3.67,2.95,2.03,3.93,3.67]|[3.09,3.31,2.98,3.67]
std0174|2021|BE Computer|4|[3.54,2.32,2.48,3.15,3.23,3.41,3.04,3.32]|[2.93,2.81,3.32,3.18]
std0175|2021|BE Computer|4|[2.07,2.95,3.36,3.23,2.6,3.78,2.5,3.45]|[2.51,3.29,3.19,2.98]
std0176|2021|BE Computer|4|[2.69,3.82,3.96,3.57,2.38,3.86,2.11]|[3.25,3.76,3.12,2.11]
std0177|2021|BE Computer|4|[3.24,3.32,3.81,2.31,3.85,3.57,3.42]|[3.28,3.06,3.71,3.42]
std0178|2021|BE Computer|4|[3.24,3.16,2.57,3.43,3.02,2.85,3.3,2.43]|[3.2,3.0,2.94,2.87]
std0179|2021|BE Computer|4|[2.66,2.96,2.85,2.95,2.06,3.02,2.26,2.39]|[2.81,2.9,2.54,2.33]
std0180|2021|BE Computer|4|[2.49,3.66,3.81,2.87,3.27,2.32,3.83,2.38]|[3.08,3.34,2.79,3.1]
std0181|2022|BSc Math|4|[3.65,2.31,3.44,2.22,3.13,2.92,3.65]|[2.98,2.83,3.02,3.65]
std0182|2022|BSc Math|4|[2.06,2.91,3.5,2.18,3.01,3.16,2.1,2.88]|[2.49,2.84,3.08,2.49]
std0183|2022|BSc Math|4|[3.75,3.6,2.91,3.55,2.47,3.43,2.21,3.96]|[3.67,3.23,2.95,3.08]
std0184|2022|BSc Math|4|[2.79,2.18,2.6,2.84,2.6,3.99,2.33]|[2.49,2.72,3.29,2.33]
std0185|2022|BSc Math|4|[3.35,3.41,3.52,3.35,3.9,2.85,2.87]|[3.38,3.44,3.38,2.87]
std0186|2022|BSc Math|4|[3.91,3.61,3.71,2.79,2.47,3.41,2.17,2.8]|[3.76,3.25,2.94,2.48]
std0187|2022|BSc Math|4|[4.0,3.92,2.2,3.82,3.29,2.24,2.07]|[3.96,3.01,2.77,2.07]
std0188|2022|BSc Math|4|[3.46,3.27,3.08,3.7,3.09,2.62,3.08,3.77]|[3.37,3.39,2.85,3.42]
std0189|2022|BSc Math|4|[2.53,3.88,2.84,3.05,2.54,3.6,3.46,3.34]|[3.21,2.94,3.07,3.4]
std0190|2022|BSc Math|4|[3.06,3.57,2.77,3.71,3.26,3.04,2.81,2.65]|[3.31,3.24,3.15,2.73]
std0191|2022|BSc Math|4|[2.77,2.34,2.87,3.09,2.4,3.45,2.42,3.83]|[2.55,2.98,2.92,3.12]
std0192|2022|BSc Math|4|[2.76,2.91,3.76,3.22,2.92,2.62,3.86,2.61]|[2.83,3.49,2.77,3.23]
std0193|2022|BSc Math|4|[2.15,3.32,2.24,3.96,3.98,3.83,2.74,2.5]|[2.73,3.1,3.91,2.62]
std0194|2022|BSc Math|4|[3.58,3.8,3.99,3.8,2.33,3.33,2.48]|[3.69,3.9,2.83,2.48]
std0195|2022|BSc Math|4|[2.45,2.87,3.84,2.78,2.92,3.23,2.9]|[2.66,3.31,3.08,2.9]
std0196|2022|BSc Math|4|[2.64,2.79,3.45,2.86,3.18,3.08,2.59]|[2.71,3.16,3.13,2.59]
std0197|2022|BSc Math|4|[3.87,2.49,2.38,2.25,3.76,3.23,2.26,2.68]|[3.18,2.31,3.5,2.47]
std0198|2022|BSc Math|4|[3.37,3.59,2.39,3.95,2.64,3.48,2.34]|[3.48,3.17,3.06,2.34]
std0199|2022|BSc Math|4|[3.82,3.87,3.17,3.57,2.24,2.8,3.49,2.23]|[3.84,3.37,2.52,2.86]
std0200|2022|BSc Math|4|[3.51,2.06,2.63,2.64,3.79,2.95,2.95,2.98]|[2.79,2.63,3.37,2.96]
std0201|2023|BEd|3|[3.17,2.64,2.47,2.65,3.99]|[2.91,2.56,3.99]
std0202|2023|BEd|3|[2.43,3.65,3.68,2.8,4.0]|[3.04,3.24,4.0]
std0203|2023|BEd|3|[3.49,3.64,2.51,2.2,2.91]|[3.57,2.35,2.91]
std0204|2023|BEd|3|[3.46,3.4,3.12,2.42,3.42,3.79]|[3.43,2.77,3.6]
std0205|2023|BEd|3|[3.06,2.22,3.05,3.77,3.68]|[2.64,3.41,3.68]
std0206|2023|BEd|3|[2.2,3.83,3.39,2.42,3.08,3.8]|[3.02,2.91,3.44]
std0207|2023|BEd|3|[3.23,2.44,2.67,2.6,2.21,2.66]|[2.83,2.63,2.44]
std0208|2023|BEd|3|[3.72,2.17,2.18,3.32,3.17,2.49]|[2.95,2.75,2.83]
std0209|2023|BEd|3|[2.4,3.4,2.46,2.28,3.24,3.4]|[2.9,2.37,3.32]
std0210|2023|BEd|3|[3.14,3.31,2.12,3.65,3.53]|[3.23,2.88,3.53]
std0211|2023|BEd|3|[2.41,3.82,2.66,2.11,2.17]|[3.12,2.38,2.17]
std0212|2023|BEd|3|[3.41,3.75,3.26,2.48,3.52,2.52]|[3.58,2.87,3.02]
std0213|2023|BEd|3|[2.4,2.11,2.73,3.62,3.13]|[2.25,3.17,3.13]
std0214|2023|BEd|3|[3.27,2.37,2.48,3.19,2.5]|[2.82,2.83,2.5]
std0215|2023|BEd|3|[2.48,2.13,3.84,3.66,2.86]|[2.3,3.75,2.86]
std0216|2023|BEd|3|[3.11,2.56,2.73,2.1,2.34,3.39]|[2.83,2.42,2.87]
std0217|2023|BEd|3|[3.95,3.74,3.84,3.15,3.97,2.12]|[3.85,3.5,3.04]
std0218|2023|BEd|3|[2.81,2.63,3.7,2.15,2.28,2.78]|[2.72,2.92,2.53]
std0219|2023|BEd|3|[2.25,2.44,3.61,3.43,2.15,3.4]|[2.34,3.52,2.77]
std0220|2023|BEd|3|[2.36,3.01,3.05,2.6,3.92,3.04]|[2.68,2.83,3.48]
std0221|2024|BA English|2|[3.53,3.58,2.89,2.47]|[3.55,2.68]
std0222|2024|BA English|2|[3.74,2.57,3.58,2.66]|[3.16,3.12]
std0223|2024|BA English|2|[3.46,2.61,3.56]|[3.04,3.56]
std0224|2024|BA English|2|[3.96,3.93,2.72]|[3.95,2.72]
std0225|2024|BA English|2|[3.05,3.72,3.1,2.29]|[3.38,2.7]
std0226|2024|BA English|2|[3.32,2.08,3.18,2.02]|[2.7,2.6]
std0227|2024|BA English|2|[2.89,2.77,2.12]|[2.83,2.12]
std0228|2024|BA English|2|[3.78,2.53,2.07]|[3.15,2.07]
std0229|2024|BA English|2|[2.54,3.28,2.41]|[2.91,2.41]
std0230|2024|BA English|2|[3.45,2.5,3.68]|[2.98,3.68]
std0231|2024|BA English|2|[2.47,2.02,2.85]|[2.25,2.85]
std0232|2024|BA English|2|[3.57,3.18,2.2]|[3.38,2.2]
std0233|2024|BA English|2|[2.56,3.23,3.31,3.04]|[2.9,3.17]
std0234|2024|BA English|2|[2.62,2.07,3.45,2.01]|[2.34,2.73]
std0235|2024|BA English|2|[3.91,3.43,3.72,3.53]|[3.67,3.62]
std0236|2024|BA English|2|[3.74,3.2,3.4]|[3.47,3.4]
std0237|2024|BA English|2|[3.39,3.82,3.48]|[3.6,3.48]
std0238|2024|BA English|2|[2.85,2.52,2.91,2.38]|[2.69,2.65]
std0239|2024|BA English|2|[3.41,3.87,3.7]|[3.64,3.7]
std0240|2024|BA English|2|[2.26,2.25,2.75,2.48]|[2.25,2.62]
std0241|2021|BSc Botany|4|[2.08,2.44,3.1,2.42,2.05,3.28,3.67,2.46]|[2.26,2.76,2.67,3.06]
std0242|2021|BSc Botany|4|[2.26,2.32,2.8,2.63,2.1,2.68,3.76,3.42]|[2.29,2.71,2.39,3.59]
std0243|2021|BSc Botany|4|[2.0,2.08,2.99,3.38,2.61,2.12,3.19,2.39]|[2.04,3.19,2.37,2.79]
std0244|2021|BSc Botany|4|[2.15,2.44,3.52,2.11,3.29,2.81,3.82]|[2.29,2.81,3.05,3.82]
std0245|2021|BSc Botany|4|[3.75,3.67,3.66,3.83,3.82,2.57,3.64]|[3.71,3.75,3.19,3.64]
std0246|2021|BSc Botany|4|[2.87,2.76,2.95,3.07,3.23,2.38,3.75,3.89]|[2.81,3.01,2.8,3.82]
std0247|2021|BSc Botany|4|[3.73,3.13,3.79,2.64,2.08,3.14,3.14]|[3.43,3.21,2.61,3.14]
std0248|2021|BSc Botany|4|[3.97,2.45,2.46,2.9,3.26,3.79,2.53,3.61]|[3.21,2.68,3.52,3.07]
std0249|2021|BSc Botany|4|[2.83,3.33,3.25,2.44,3.81,2.69,3.9]|[3.08,2.84,3.25,3.9]
std0250|2021|BSc Botany|4|[3.43,3.99,2.21,3.54,2.93,3.35,2.44,2.17]|[3.71,2.88,3.14,2.3]
std0251|2021|BSc Botany|4|[2.36,3.63,3.3,3.4,3.51,3.38,2.03,3.38]|[3.0,3.35,3.44,2.71]
std0252|2021|BSc Botany|4|[3.99,3.36,3.71,2.51,2.03,3.71,2.09,3.53]|[3.67,3.11,2.87,2.81]
std0253|2021|BSc Botany|4|[3.65,3.46,2.55,2.46,2.17,2.63,2.19]|[3.55,2.5,2.4,2.19]
std0254|2021|BSc Botany|4|[2.2,2.04,3.28,3.45,3.53,3.83,3.23,3.48]|[2.12,3.37,3.68,3.35]
std0255|2021|BSc Botany|4|[3.89,3.51,2.33,2.4,3.97,2.19,3.48,2.08]|[3.7,2.37,3.08,2.78]
std0256|2021|BSc Botany|4|[2.2,2.03,3.28,2.07,3.54,3.19,2.26]|[2.12,2.67,3.37,2.26]
std0257|2021|BSc Botany|4|[3.19,2.15,3.12,3.21,3.18,3.28,2.23,2.53]|[2.67,3.17,3.23,2.38]
std0258|2021|BSc Botany|4|[2.42,3.62,3.55,2.05,2.4,2.81,2.18,3.42]|[3.02,2.8,2.6,2.8]
std0259|2021|BSc Botany|4|[2.82,2.76,3.23,2.97,2.62,3.07,3.29]|[2.79,3.1,2.84,3.29]
std0260|2021|BSc Botany|4|[2.91,2.73,2.44,3.39,2.24,3.09,2.76]|[2.82,2.92,2.67,2.76]
std0261|2022|BSc Zoology|4|[2.97,2.02,2.22,2.37,3.52,3.64,3.58]|[2.5,2.29,3.58,3.58]
std0262|2022|BSc Zoology|4|[3.17,3.46,2.22,2.42,3.28,3.31,3.27]|[3.31,2.32,3.29,3.27]
std0263|2022|BSc Zoology|4|[3.93,3.7,3.79,2.25,2.06,3.22,2.65]|[3.82,3.02,2.64,2.65]
std0264|2022|BSc Zoology|4|[3.9,3.83,3.85,2.69,2.31,2.45,3.41]|[3.87,3.27,2.38,3.41]
std0265|2022|BSc Zoology|4|[2.46,2.43,3.72,2.8,3.82,3.22,2.47,2.65]|[2.45,3.26,3.52,2.56]
std0266|2022|BSc Zoology|4|[2.12,3.34,3.06,3.04,2.58,3.62,2.32,2.54]|[2.73,3.05,3.1,2.43]
std0267|2022|BSc Zoology|4|[2.22,2.46,3.34,3.47,2.33,2.91,2.04]|[2.34,3.41,2.62,2.04]
std0268|2022|BSc Zoology|4|[3.93,3.47,3.9,3.38,3.84,2.94,2.32,2.68]|[3.7,3.64,3.39,2.5]
std0269|2022|BSc Zoology|4|[3.27,3.45,2.39,2.26,2.25,3.99,3.05]|[3.36,2.33,3.12,3.05]
std0270|2022|BSc Zoology|4|[3.29,3.8,2.37,3.62,3.87,3.84,2.55,3.65]|[3.54,3.0,3.85,3.1]
std0271|2022|BSc Zoology|4|[3.91,3.55,3.22,2.16,2.61,2.25,2.68]|[3.73,2.69,2.43,2.68]
std0272|2022|BSc Zoology|4|[3.96,2.55,3.84,3.36,2.68,2.22,2.87]|[3.25,3.6,2.45,2.87]
std0273|2022|BSc Zoology|4|[2.35,2.52,3.64,3.78,3.19,2.08,2.78]|[2.44,3.71,2.63,2.78]
std0274|2022|BSc Zoology|4|[2.99,2.58,2.82,3.97,2.79,2.19,3.84,2.17]|[2.79,3.4,2.49,3.0]
std0275|2022|BSc Zoology|4|[3.89,2.16,3.32,2.86,3.72,2.37,2.03,3.42]|[3.03,3.09,3.04,2.72]
std0276|2022|BSc Zoology|4|[2.21,3.31,2.35,2.54,3.22,2.36,2.2,2.22]|[2.76,2.45,2.79,2.21]
std0277|2022|BSc Zoology|4|[3.28,3.46,2.28,3.32,2.65,2.47,2.96]|[3.37,2.8,2.56,2.96]
std0278|2022|BSc Zoology|4|[2.05,3.72,3.5,2.12,2.04,2.26,2.96,2.11]|[2.88,2.81,2.15,2.54]
std0279|2022|BSc Zoology|4|[2.56,2.98,2.54,3.3,3.79,2.41,2.2]|[2.77,2.92,3.1,2.2]
std0280|2022|BSc Zoology|4|[3.77,3.74,3.13,2.48,3.88,2.42,2.63]|[3.75,2.8,3.15,2.63]
std0281|2023|BSc CSIT|3|[2.0,2.89,3.76,2.3,3.67]|[2.45,3.03,3.67]
std0282|2023|BSc CSIT|3|[2.46,2.66,2.48,2.83,2.38]|[2.56,2.66,2.38]
std0283|2023|BSc CSIT|3|[3.23,3.21,3.78,2.2,3.17,2.7]|[3.22,2.99,2.94]
std0284|2023|BSc CSIT|3|[3.41,3.9,2.52,3.06,3.11,3.86]|[3.66,2.79,3.48]
std0285|2023|BSc CSIT|3|[2.67,2.7,3.87,3.34,3.59,2.2]|[2.69,3.6,2.9]
std0286|2023|BSc CSIT|3|[2.61,2.38,3.45,2.49,3.13]|[2.5,2.97,3.13]
std0287|2023|BSc CSIT|3|[3.08,2.75,3.99,3.74,2.17,2.33]|[2.92,3.87,2.25]
std0288|2023|BSc CSIT|3|[2.6,3.97,2.46,2.93,2.9,2.17]|[3.29,2.7,2.54]
std0289|2023|BSc CSIT|3|[2.8,3.6,3.7,3.8,3.42,3.51]|[3.2,3.75,3.46]
std0290|2023|BSc CSIT|3|[3.17,3.53,3.58,2.21,2.36,2.96]|[3.35,2.9,2.66]
std0291|2023|BSc CSIT|3|[3.25,2.86,2.57,3.26,3.72]|[3.05,2.92,3.72]
std0292|2023|BSc CSIT|3|[2.1,3.58,2.58,2.61,3.1]|[2.84,2.59,3.1]
std0293|2023|BSc CSIT|3|[3.95,2.37,2.06,2.77,2.25,2.51]|[3.16,2.42,2.38]
std0294|2023|BSc CSIT|3|[2.19,2.14,2.08,3.07,3.82,2.56]|[2.17,2.58,3.19]
std0295|2023|BSc CSIT|3|[2.87,2.8,3.17,2.02,2.16,3.1]|[2.83,2.59,2.63]
std0296|2023|BSc CSIT|3|[3.29,2.12,3.06,3.34,2.9]|[2.71,3.2,2.9]
std0297|2023|BSc CSIT|3|[3.79,3.6,3.53,2.31,2.81,3.21]|[3.7,2.92,3.01]
std0298|2023|BSc CSIT|3|[2.97,2.8,3.0,2.15,3.36]|[2.88,2.58,3.36]
std0299|2023|BSc CSIT|3|[3.49,2.16,2.91,2.9,2.93,2.84]|[2.83,2.91,2.88]
std0300|2023|BSc CSIT|3|[2.52,2.29,3.5,3.35,3.24,2.54]|[2.41,3.42,2.89]
std0301|2024|BCA|2|[3.78,2.2,3.79,2.44]|[2.99,3.12]
std0302|2024|BCA|2|[3.71,2.36,2.42,2.16]|[3.04,2.29]
std0303|2024|BCA|2|[2.04,3.76,2.43]|[2.9,2.43]
std0304|2024|BCA|2|[2.72,2.68,3.49,2.94]|[2.7,3.21]
std0305|2024|BCA|2|[3.34,3.63,3.49]|[3.48,3.49]
std0306|2024|BCA|2|[2.81,2.89,2.01,2.61]|[2.85,2.31]
std0307|2024|BCA|2|[3.84,2.37,2.78,3.91]|[3.1,3.34]
std0308|2024|BCA|2|[2.63,3.51,2.03]|[3.07,2.03]
std0309|2024|BCA|2|[3.76,2.78,3.72]|[3.27,3.72]
std0310|2024|BCA|2|[2.72,2.8,3.88,2.64]|[2.76,3.26]
std0311|2024|BCA|2|[3.25,2.04,3.85,3.49]|[2.65,3.67]
std0312|2024|BCA|2|[2.83,2.34,3.75,3.07]|[2.58,3.41]
std0313|2024|BCA|2|[2.44,3.72,2.12,2.8]|[3.08,2.46]
std0314|2024|BCA|2|[2.51,3.7,3.0]|[3.1,3.0]
std0315|2024|BCA|2|[2.81,2.84,3.25]|[2.83,3.25]
std0316|2024|BCA|2|[2.26,3.31,2.88]|[2.79,2.88]
std0317|2024|BCA|2|[3.21,2.77,2.61,3.02]|[2.99,2.81]
std0318|2024|BCA|2|[2.0,2.11,2.88]|[2.05,2.88]
std0319|2024|BCA|2|[2.04,2.16,3.34,3.65]|[2.1,3.5]
std0320|2024|BCA|2|[2.89,2.33,3.67]|[2.61,3.67]
std0321|2021|BE Civil|4|[3.92,2.27,3.54,2.49,3.4,3.34,2.11]|[3.09,3.02,3.37,2.11]
std0322|2021|BE Civil|4|[3.4,3.45,2.18,2.92,3.87,3.05,3.76]|[3.42,2.55,3.46,3.76]
std0323|2021|BE Civil|4|[3.09,2.6,3.27,3.6,2.07,2.02,2.44,2.78]|[2.84,3.44,2.04,2.61]
std0324|2021|BE Civil|4|[2.58,2.94,2.05,3.61,2.88,2.69,3.69,3.19]|[2.76,2.83,2.79,3.44]
std0325|2021|BE Civil|4|[2.08,3.51,2.66,2.23,2.44,2.55,3.9]|[2.79,2.45,2.5,3.9]
std0326|2021|BE Civil|4|[2.24,3.09,2.77,2.61,2.41,2.71,3.98]|[2.67,2.69,2.56,3.98]
std0327|2021|BE Civil|4|[2.5,2.42,3.2,3.77,3.57,3.21,2.45,3.47]|[2.46,3.49,3.39,2.96]
std0328|2021|BE Civil|4|[2.27,2.62,2.42,2.75,3.07,3.89,2.41,2.71]|[2.45,2.58,3.48,2.56]
std0329|2021|BE Civil|4|[2.41,3.4,2.83,2.32,3.82,2.82,2.41]|[2.91,2.58,3.32,2.41]
std0330|2021|BE Civil|4|[3.16,2.05,3.37,2.38,3.03,2.2,2.01,2.68]|[2.6,2.88,2.62,2.34]
std0331|2021|BE Civil|4|[2.98,3.95,2.17,3.26,2.37,2.82,2.8,2.75]|[3.46,2.71,2.59,2.77]
std0332|2021|BE Civil|4|[3.29,2.07,2.04,3.15,3.38,3.08,3.29,2.98]|[2.68,2.59,3.23,3.13]
std0333|2021|BE Civil|4|[2.99,2.26,3.59,3.5,2.64,2.51,3.97,3.3]|[2.62,3.54,2.58,3.63]
std0334|2021|BE Civil|4|[2.4,3.27,3.93,3.84,2.44,3.51,3.22]|[2.83,3.88,2.97,3.22]
std0335|2021|BE Civil|4|[3.58,3.79,3.16,2.9,2.27,3.82,2.96]|[3.69,3.03,3.04,2.96]
std0336|2021|BE Civil|4|[3.94,3.92,3.84,3.43,2.36,3.06,3.14]|[3.93,3.63,2.71,3.14]
std0337|2021|BE Civil|4|[2.31,2.52,2.47,2.93,2.3,2.15,2.01]|[2.42,2.7,2.22,2.01]
std0338|2021|BE Civil|4|[2.67,3.1,3.27,3.28,3.91,3.55,3.16]|[2.88,3.27,3.73,3.16]
std0339|2021|BE Civil|4|[3.16,3.13,2.36,3.56,3.78,2.92,3.86]|[3.15,2.96,3.35,3.86]
std0340|2021|BE Civil|4|[2.64,2.62,2.07,2.48,2.98,3.29,2.02,2.8]|[2.63,2.27,3.13,2.41]
std0341|2022|BE Electronics|4|[3.32,3.91,2.85,3.47,2.07,2.45,2.56,3.22]|[3.62,3.16,2.26,2.89]
std0342|2022|BE Electronics|4|[3.82,2.64,3.34,2.5,2.61,3.19,2.73,2.64]|[3.23,2.92,2.9,2.69]
std0343|2022|BE Electronics|4|[3.54,3.79,2.69,3.58,3.57,3.37,2.68,3.81]|[3.67,3.13,3.47,3.25]
std0344|2022|BE Electronics|4|[2.61,2.34,3.59,3.15,2.38,2.33,2.41,2.76]|[2.47,3.37,2.35,2.58]
std0345|2022|BE Electronics|4|[2.6,3.64,2.77,3.96,2.61,3.28,2.26,2.81]|[3.12,3.37,2.94,2.54]
std0346|2022|BE Electronics|4|[2.79,2.1,3.36,2.41,2.54,3.61,3.58]|[2.45,2.88,3.08,3.58]
std0347|2022|BE Electronics|4|[3.94,2.44,2.18,3.38,2.96,3.74,3.59]|[3.19,2.78,3.35,3.59]
std0348|2022|BE Electronics|4|[3.02,3.08,2.24,3.71,3.27,3.68,3.1]|[3.05,2.98,3.48,3.1]
std0349|2022|BE Electronics|4|[2.69,2.36,2.72,2.57,2.76,3.35,3.0]|[2.52,2.65,3.05,3.0]
std0350|2022|BE Electronics|4|[2.04,2.6,2.67,2.93,2.47,3.99,2.1,3.11]|[2.32,2.8,3.23,2.6]
std0351|2022|BE Electronics|4|[2.83,3.33,2.52,2.46,3.29,2.67,2.63,3.86]|[3.08,2.49,2.98,3.25]
std0352|2022|BE Electronics|4|[2.07,2.8,2.83,3.38,3.52,2.33,2.78]|[2.43,3.1,2.92,2.78]
std0353|2022|BE Electronics|4|[3.85,2.82,2.51,3.36,2.73,3.96,3.72,2.47]|[3.33,2.93,3.34,3.1]
std0354|2022|BE Electronics|4|[2.27,3.03,2.73,3.34,2.5,2.52,2.78]|[2.65,3.04,2.51,2.78]
std0355|2022|BE Electronics|4|[2.26,2.67,3.46,2.38,3.04,2.16,3.39]|[2.46,2.92,2.6,3.39]
std0356|2022|BE Electronics|4|[3.35,2.32,3.15,3.7,2.16,3.92,2.45]|[2.83,3.42,3.04,2.45]
std0357|2022|BE Electronics|4|[3.46,3.86,3.18,3.16,3.04,2.89,2.95]|[3.66,3.17,2.96,2.95]
std0358|2022|BE Electronics|4|[2.36,3.7,3.78,2.29,2.07,3.27,2.87,3.12]|[3.03,3.04,2.67,3.0]
std0359|2022|BE Electronics|4|[2.4,2.92,3.07,3.45,2.95,3.98,3.19]|[2.66,3.26,3.46,3.19]
std0360|2022|BE Electronics|4|[2.49,3.53,3.54,2.55,3.95,2.54,3.89]|[3.01,3.04,3.25,3.89]
std0361|2023|BBA|3|[3.71,2.87,3.98,2.42,3.67,2.76]|[3.29,3.2,3.21]
std0362|2023|BBA|3|[3.93,3.45,3.22,3.82,3.66]|[3.69,3.52,3.66]
std0363|2023|BBA|3|[3.17,3.53,2.12,3.69,3.39]|[3.35,2.91,3.39]
std0364|2023|BBA|3|[3.36,3.23,2.21,2.3,3.4]|[3.29,2.25,3.4]
std0365|2023|BBA|3|[3.31,2.36,3.42,3.53,3.2]|[2.83,3.47,3.2]
std0366|2023|BBA|3|[3.42,2.18,3.72,2.61,3.0]|[2.8,3.17,3.0]
std0367|2023|BBA|3|[2.65,3.32,2.49,2.78,2.14,2.86]|[2.98,2.63,2.5]
std0368|2023|BBA|3|[3.66,2.5,3.97,3.06,3.71,2.85]|[3.08,3.52,3.28]
std0369|2023|BBA|3|[3.69,2.92,3.18,2.21,3.47,2.31]|[3.3,2.7,2.89]
std0370|2023|BBA|3|[2.61,3.85,3.35,2.74,3.76]|[3.23,3.04,3.76]
std0371|2023|BBA|3|[3.77,2.9,3.7,3.84,3.17,3.68]|[3.33,3.77,3.42]
std0372|2023|BBA|3|[3.32,2.23,3.71,3.4,3.06,3.4]|[2.77,3.55,3.23]
std0373|2023|BBA|3|[2.51,2.75,3.25,2.31,2.45,2.81]|[2.63,2.78,2.63]
std0374|2023|BBA|3|[3.65,2.01,3.1,2.98,3.93,3.83]|[2.83,3.04,3.88]
std0375|2023|BBA|3|[3.91,2.8,2.25,3.09,3.93]|[3.35,2.67,3.93]
std0376|2023|BBA|3|[3.65,3.9,3.43,3.08,2.1,3.89]|[3.77,3.25,3.0]
std0377|2023|BBA|3|[2.06,2.65,3.94,2.23,3.84]|[2.35,3.08,3.84]
std0378|2023|BBA|3|[3.22,3.1,3.21,2.41,2.0,2.62]|[3.16,2.81,2.31]
std0379|2023|BBA|3|[3.9,3.44,2.22,3.58,3.77]|[3.67,2.9,3.77]
std0380|2023|BBA|3|[2.87,3.23,2.74,2.54,3.1]|[3.05,2.64,3.1]
std0381|2024|BSc Physics|2|[2.09,3.92,3.46]|[3.0,3.46]
std0382|2024|BSc Physics|2|[3.5,3.81,3.21,3.28]|[3.66,3.25]
std0383|2024|BSc Physics|2|[3.89,3.27,2.38]|[3.58,2.38]
std0384|2024|BSc Physics|2|[3.47,3.93,2.28,3.88]|[3.7,3.08]
std0385|2024|BSc Physics|2|[3.91,3.21,3.78]|[3.56,3.78]
std0386|2024|BSc Physics|2|[2.57,2.04,3.85,3.72]|[2.3,3.79]
std0387|2024|BSc Physics|2|[2.7,2.76,2.64]|[2.73,2.64]
std0388|2024|BSc Physics|2|[3.2,3.15,3.28]|[3.17,3.28]
std0389|2024|BSc Physics|2|[3.62,2.03,3.72]|[2.83,3.72]
std0390|2024|BSc Physics|2|[3.81,2.49,2.87]|[3.15,2.87]
std0391|2024|BSc Physics|2|[3.27,3.86,2.21]|[3.56,2.21]
std0392|2024|BSc Physics|2|[2.91,3.14,3.97,3.92]|[3.03,3.95]
std0393|2024|BSc Physics|2|[2.27,3.93,3.12]|[3.1,3.12]
std0394|2024|BSc Physics|2|[2.95,3.24,3.2,3.59]|[3.1,3.4]
std0395|2024|BSc Physics|2|[2.96,3.31,2.19,3.17]|[3.13,2.68]
std0396|2024|BSc Physics|2|[3.33,3.87,3.39,2.65]|[3.6,3.02]
std0397|2024|BSc Physics|2|[3.01,3.77,3.97,2.07]|[3.39,3.02]
std0398|2024|BSc Physics|2|[2.17,3.79,2.91]|[2.98,2.91]
std0399|2024|BSc Physics|2|[3.0,2.35,2.77]|[2.67,2.77]
std0400|2024|BSc Physics|2|[2.48,2.62,2.98]|[2.55,2.98]
std0401|2021|BSc Chemistry|4|[2.63,3.24,3.4,3.68,2.44,3.2,3.74,2.7]|[2.94,3.54,2.82,3.22]
std0402|2021|BSc Chemistry|4|[2.44,3.06,3.67,3.42,3.65,3.31,3.18,2.55]|[2.75,3.54,3.48,2.87]
std0403|2021|BSc Chemistry|4|[2.04,3.51,2.43,2.48,3.22,2.83,3.67]|[2.77,2.46,3.03,3.67]
std0404|2021|BSc Chemistry|4|[2.05,3.19,2.38,2.12,2.06,3.8,3.94]|[2.62,2.25,2.93,3.94]
std0405|2021|BSc Chemistry|4|[2.55,3.15,3.06,2.41,3.93,3.55,2.51]|[2.85,2.74,3.74,2.51]
std0406|2021|BSc Chemistry|4|[3.79,3.11,3.38,2.11,2.75,3.05,2.69]|[3.45,2.75,2.9,2.69]
std0407|2021|BSc Chemistry|4|[2.95,3.02,3.12,2.7,2.38,2.85,2.17,2.97]|[2.99,2.91,2.62,2.57]
std0408|2021|BSc Chemistry|4|[2.73,3.37,3.15,2.29,3.3,3.16,2.74,2.71]|[3.05,2.72,3.23,2.73]
std0409|2021|BSc Chemistry|4|[3.42,2.46,3.04,3.48,3.68,2.51,3.64]|[2.94,3.26,3.09,3.64]
std0410|2021|BSc Chemistry|4|[2.69,2.68,2.35,2.36,3.9,3.28,2.58,2.51]|[2.69,2.35,3.59,2.54]
std0411|2021|BSc Chemistry|4|[3.23,3.58,3.66,2.91,3.16,2.21,2.53,2.5]|[3.41,3.29,2.69,2.51]
std0412|2021|BSc Chemistry|4|[3.49,2.45,3.75,2.98,2.11,3.88,3.7,3.21]|[2.97,3.37,3.0,3.46]
std0413|2021|BSc Chemistry|4|[3.98,3.26,2.01,3.47,3.95,2.92,3.51]|[3.62,2.74,3.44,3.51]
std0414|2021|BSc Chemistry|4|[3.01,2.44,2.57,2.38,3.31,2.69,2.04,3.65]|[2.72,2.47,3.0,2.84]
std0415|2021|BSc Chemistry|4|[2.23,3.76,3.02,2.5,3.8,2.01,2.13,3.6]|[3.0,2.76,2.9,2.87]
std0416|2021|BSc Chemistry|4|[3.92,2.32,2.35,2.42,3.3,2.12,2.41,2.96]|[3.12,2.38,2.71,2.69]
std0417|2021|BSc Chemistry|4|[3.33,2.38,3.97,2.73,2.7,2.66,3.24]|[2.85,3.35,2.68,3.24]
std0418|2021|BSc Chemistry|4|[2.43,2.23,3.08,2.75,3.75,2.06,3.2]|[2.33,2.92,2.91,3.2]
std0419|2021|BSc Chemistry|4|[2.44,3.17,3.46,3.64,3.31,3.95,2.12]|[2.8,3.55,3.63,2.12]
std0420|2021|BSc Chemistry|4|[3.28,2.34,2.86,3.56,2.27,3.12,3.17,3.46]|[2.81,3.21,2.7,3.31]
std0421|2022|BA Sociology|4|[3.58,2.76,2.12,2.57,2.23,3.69,3.69,2.43]|[3.17,2.34,2.96,3.06]
std0422|2022|BA Sociology|4|[3.37,2.6,2.48,2.41,2.38,2.92,2.27]|[2.99,2.45,2.65,2.27]
std0423|2022|BA Sociology|4|[2.96,2.17,3.07,3.67,3.69,2.1,2.6,3.55]|[2.56,3.37,2.9,3.08]
std0424|2022|BA Sociology|4|[3.68,2.58,2.48,3.4,2.89,2.01,3.06]|[3.13,2.94,2.45,3.06]
std0425|2022|BA Sociology|4|[3.72,3.28,2.41,3.75,3.1,2.53,3.58,2.37]|[3.5,3.08,2.81,2.98]
std0426|2022|BA Sociology|4|[2.97,2.07,2.83,2.7,3.39,2.49,3.09]|[2.52,2.77,2.94,3.09]
std0427|2022|BA Sociology|4|[3.09,3.35,3.58,2.25,3.35,3.83,3.56,3.9]|[3.22,2.92,3.59,3.73]
std0428|2022|BA Sociology|4|[2.63,2.82,3.29,3.47,3.64,3.49,3.18]|[2.72,3.38,3.57,3.18]
std0429|2022|BA Sociology|4|[2.64,3.57,2.8,2.51,2.93,3.4,2.48,3.54]|[3.1,2.65,3.17,3.01]
std0430|2022|BA Sociology|4|[3.23,3.51,2.59,3.63,3.48,2.2,3.47]|[3.37,3.11,2.84,3.47]
std0431|2022|BA Sociology|4|[2.06,3.62,2.22,2.03,3.27,2.24,3.21]|[2.84,2.12,2.75,3.21]
std0432|2022|BA Sociology|4|[2.34,2.76,3.48,3.6,3.91,2.08,2.89,2.59]|[2.55,3.54,3.0,2.74]
std0433|2022|BA Sociology|4|[3.0,2.37,3.15,3.21,2.97,3.06,2.71,2.43]|[2.69,3.18,3.02,2.57]
std0434|2022|BA Sociology|4|[3.8,2.32,2.4,3.1,2.62,3.26,3.16,2.81]|[3.06,2.75,2.94,2.99]
std0435|2022|BA Sociology|4|[2.16,3.86,3.29,3.46,3.44,2.55,3.0,2.09]|[3.01,3.38,3.0,2.54]
std0436|2022|BA Sociology|4|[3.28,2.7,2.91,2.26,2.09,3.11,2.33,2.97]|[2.99,2.58,2.6,2.65]
std0437|2022|BA Sociology|4|[2.93,3.7,2.61,3.32,3.65,3.7,3.98]|[3.32,2.96,3.67,3.98]
std0438|2022|BA Sociology|4|[2.46,2.46,2.32,2.04,3.71,4.0,3.84,2.79]|[2.46,2.18,3.85,3.31]
std0439|2022|BA Sociology|4|[3.76,3.24,3.66,2.3,2.25,2.19,2.02]|[3.5,2.98,2.22,2.02]
std0440|2022|BA Sociology|4|[2.69,3.35,2.95,3.06,3.78,3.69,3.71,2.16]|[3.02,3.0,3.73,2.94]
std0441|2023|BE Computer|3|[2.2,2.85,3.59,2.85,2.52,3.63]|[2.53,3.22,3.08]
std0442|2023|BE Computer|3|[2.96,2.63,3.66,3.43,2.86,3.17]|[2.79,3.54,3.01]
std0443|2023|BE Computer|3|[3.26,3.26,2.17,3.93,3.69,3.05]|[3.26,3.05,3.37]
std0444|2023|BE Computer|3|[3.91,2.46,3.6,2.97,2.57]|[3.19,3.29,2.57]
std0445|2023|BE Computer|3|[3.67,3.13,3.63,3.56,2.06,2.19]|[3.4,3.59,2.12]
std0446|2023|BE Computer|3|[3.15,2.74,2.01,3.68,3.64,2.19]|[2.95,2.84,2.92]
std0447|2023|BE Computer|3|[2.74,2.18,3.86,2.55,2.08]|[2.46,3.21,2.08]
std0448|2023|BE Computer|3|[2.94,2.71,2.55,3.22,2.52,2.2]|[2.83,2.88,2.36]
std0449|2023|BE Computer|3|[3.99,3.3,3.17,3.67,3.55,2.85]|[3.65,3.42,3.2]
std0450|2023|BE Computer|3|[3.09,2.73,2.73,2.87,2.49,2.39]|[2.91,2.8,2.44]
std0451|2023|BE Computer|3|[2.64,2.52,3.42,2.99,2.26,2.71]|[2.58,3.21,2.48]
std0452|2023|BE Computer|3|[3.39,3.96,2.93,2.4,3.98]|[3.67,2.67,3.98]
std0453|2023|BE Computer|3|[3.29,2.57,2.62,3.66,2.47,3.72]|[2.93,3.14,3.1]
std0454|2023|BE Computer|3|[3.68,2.98,3.68,3.95,2.37]|[3.33,3.82,2.37]
std0455|2023|BE Computer|3|[3.57,3.72,3.03,3.13,3.94]|[3.65,3.08,3.94]
std0456|2023|BE Computer|3|[3.06,3.09,3.45,2.96,2.4]|[3.08,3.21,2.4]
std0457|2023|BE Computer|3|[3.14,3.12,3.75,3.28,2.13]|[3.13,3.51,2.13]
std0458|2023|BE Computer|3|[2.11,3.44,3.56,3.5,3.12]|[2.77,3.53,3.12]
std0459|2023|BE Computer|3|[2.28,2.38,2.12,3.15,3.08,3.4]|[2.33,2.63,3.24]
std0460|2023|BE Computer|3|[3.7,3.47,2.13,2.64,2.89,3.94]|[3.58,2.38,3.42]
std0461|2024|BSc Math|2|[2.82,3.89,2.72,3.76]|[3.35,3.24]
std0462|2024|BSc Math|2|[2.83,3.27,2.59]|[3.05,2.59]
std0463|2024|BSc Math|2|[3.63,3.19,2.58]|[3.41,2.58]
std0464|2024|BSc Math|2|[2.7,3.83,2.07]|[3.27,2.07]
std0465|2024|BSc Math|2|[2.92,2.25,3.06,3.85]|[2.58,3.46]
std0466|2024|BSc Math|2|[2.97,2.08,2.59,3.76]|[2.53,3.17]
std0467|2024|BSc Math|2|[3.44,2.77,3.5,3.33]|[3.1,3.42]
std0468|2024|BSc Math|2|[2.0,3.81,2.28]|[2.91,2.28]
std0469|2024|BSc Math|2|[3.6,2.06,3.31,2.66]|[2.83,2.99]
std0470|2024|BSc Math|2|[2.63,2.52,2.97]|[2.58,2.97]
std0471|2024|BSc Math|2|[3.43,3.34,2.76]|[3.38,2.76]
std0472|2024|BSc Math|2|[3.14,3.91,3.6]|[3.53,3.6]
std0473|2024|BSc Math|2|[3.23,3.49,3.55]|[3.36,3.55]
std0474|2024|BSc Math|2|[2.07,2.13,2.52,3.97]|[2.1,3.25]
std0475|2024|BSc Math|2|[3.22,2.31,2.1,2.83]|[2.77,2.46]
std0476|2024|BSc Math|2|[2.48,3.19,2.78,2.89]|[2.83,2.83]
std0477|2024|BSc Math|2|[3.72,3.63,2.14,3.49]|[3.67,2.82]
std0478|2024|BSc Math|2|[2.39,2.27,3.02]|[2.33,3.02]
std0479|2024|BSc Math|2|[3.31,3.18,3.92,2.12]|[3.25,3.02]
std0480|2024|BSc Math|2|[3.5,2.12,3.08,3.11]|[2.81,3.09]
std0481|2021|BEd|4|[3.0,2.94,2.36,2.02,3.16,2.48,3.14,2.66]|[2.97,2.19,2.82,2.9]
std0482|2021|BEd|4|[3.24,3.09,3.87,3.99,3.27,3.48,3.95,3.45]|[3.17,3.93,3.38,3.7]
std0483|2021|BEd|4|[3.3,2.9,2.9,3.65,2.67,3.8,3.65,3.84]|[3.1,3.27,3.23,3.75]
std0484|2021|BEd|4|[3.92,2.57,2.91,3.27,3.56,3.63,2.14]|[3.25,3.09,3.59,2.14]
std0485|2021|BEd|4|[2.57,3.49,2.52,3.17,2.32,2.59,2.23,3.67]|[3.03,2.84,2.46,2.95]
std0486|2021|BEd|4|[3.3,2.92,2.15,3.28,3.92,3.91,2.15]|[3.11,2.71,3.92,2.15]
std0487|2021|BEd|4|[2.32,3.94,2.91,3.38,2.07,3.68,3.65]|[3.13,3.15,2.88,3.65]
std0488|2021|BEd|4|[3.54,2.73,3.79,2.94,3.97,2.96,3.11,2.24]|[3.13,3.37,3.46,2.67]
std0489|2021|BEd|4|[3.35,2.27,2.26,3.48,3.68,2.81,2.52]|[2.81,2.87,3.25,2.52]
std0490|2021|BEd|4|[3.09,2.47,2.44,2.07,2.26,2.83,3.41]|[2.78,2.25,2.54,3.41]
std0491|2021|BEd|4|[2.12,3.02,3.06,2.32,2.28,3.63,3.66]|[2.57,2.69,2.96,3.66]
std0492|2021|BEd|4|[3.6,3.26,3.02,3.45,2.91,2.55,2.66]|[3.43,3.24,2.73,2.66]
std0493|2021|BEd|4|[2.2,2.72,2.49,3.02,3.95,3.26,3.99]|[2.46,2.75,3.6,3.99]
std0494|2021|BEd|4|[2.66,2.44,3.3,2.94,3.1,3.56,2.86,2.46]|[2.55,3.12,3.33,2.66]
std0495|2021|BEd|4|[2.59,2.74,2.23,2.61,3.85,2.9,3.64]|[2.67,2.42,3.38,3.64]
std0496|2021|BEd|4|[3.36,3.71,2.32,3.75,2.92,2.18,2.93]|[3.54,3.04,2.55,2.93]
std0497|2021|BEd|4|[3.57,3.01,2.63,3.3,3.17,3.06,3.04]|[3.29,2.96,3.12,3.04]
std0498|2021|BEd|4|[3.04,3.06,2.57,2.54,2.86,2.63,2.86]|[3.05,2.55,2.75,2.86]
std0499|2021|BEd|4|[3.52,2.69,3.62,3.91,3.92,2.16,3.28]|[3.1,3.77,3.04,3.28]
std0500|2021|BEd|4|[3.25,3.85,2.66,2.86,3.18,3.73,2.76]|[3.55,2.76,3.46,2.76]
std0501|2022|BA English|4|[2.86,3.69,2.95,3.05,2.54,3.35,3.52]|[3.27,3.0,2.95,3.52]
std0502|2022|BA English|4|[3.19,3.1,3.03,3.65,2.68,2.67,2.86,3.91]|[3.15,3.34,2.67,3.38]
std0503|2022|BA English|4|[3.15,2.59,2.61,3.14,3.86,2.17,3.93]|[2.87,2.88,3.01,3.93]
std0504|2022|BA English|4|[2.15,3.39,3.84,3.64,3.73,2.67,2.06,3.39]|[2.77,3.74,3.2,2.73]
std0505|2022|BA English|4|[2.6,2.45,2.82,3.48,2.42,2.45,2.23]|[2.53,3.15,2.44,2.23]
std0506|2022|BA English|4|[2.37,2.73,3.39,3.71,3.99,2.7,2.45]|[2.55,3.55,3.35,2.45]
std0507|2022|BA English|4|[3.72,3.74,3.76,3.45,2.34,3.73,3.23,2.1]|[3.73,3.6,3.04,2.67]
std0508|2022|BA English|4|[2.83,2.6,3.39,3.73,3.69,2.24,3.55,2.13]|[2.71,3.56,2.96,2.84]
std0509|2022|BA English|4|[2.46,3.37,2.42,2.53,2.88,2.06,3.75,3.55]|[2.92,2.47,2.47,3.65]
std0510|2022|BA English|4|[3.3,3.48,2.44,2.42,3.6,3.31,3.31,3.79]|[3.39,2.43,3.46,3.55]
std0511|2022|BA English|4|[3.44,3.92,2.71,3.14,2.19,2.05,3.26,2.05]|[3.68,2.92,2.12,2.65]
std0512|2022|BA English|4|[2.66,2.63,2.99,2.86,2.83,3.52,3.13]|[2.65,2.92,3.17,3.13]
std0513|2022|BA English|4|[2.39,3.11,2.39,3.8,2.76,2.23,2.97]|[2.75,3.09,2.5,2.97]
std0514|2022|BA English|4|[3.55,3.38,3.02,3.47,3.24,2.57,3.71,2.31]|[3.46,3.25,2.91,3.01]
std0515|2022|BA English|4|[2.85,2.71,2.75,2.35,3.74,2.53,2.99]|[2.78,2.55,3.13,2.99]
std0516|2022|BA English|4|[3.34,3.12,3.57,2.29,3.74,3.45,3.62,3.17]|[3.23,2.93,3.6,3.4]
std0517|2022|BA English|4|[2.34,2.5,3.92,3.95,3.59,3.79,3.2]|[2.42,3.94,3.69,3.2]
std0518|2022|BA English|4|[2.74,3.66,2.3,3.72,3.01,2.37,2.88,2.2]|[3.2,3.01,2.69,2.54]
std0519|2022|BA English|4|[3.36,2.35,2.32,3.78,3.52,3.24,3.46,2.93]|[2.85,3.05,3.38,3.2]
std0520|2022|BA English|4|[3.84,2.47,2.05,3.47,2.16,3.32,2.25,2.47]|[3.16,2.76,2.74,2.36]
std0521|2023|BSc Botany|3|[3.65,3.19,2.99,3.28,3.85]|[3.42,3.13,3.85]
std0522|2023|BSc Botany|3|[3.22,2.42,3.64,2.09,2.75,3.23]|[2.82,2.87,2.99]
std0523|2023|BSc Botany|3|[2.4,2.45,2.75,3.02,3.28,2.54]|[2.42,2.88,2.91]
std0524|2023|BSc Botany|3|[3.55,2.17,3.39,2.59,3.51,2.36]|[2.86,2.99,2.93]
std0525|2023|BSc Botany|3|[2.63,2.6,3.06,2.09,3.7]|[2.62,2.58,3.7]
std0526|2023|BSc Botany|3|[2.34,3.95,3.17,2.82,2.63]|[3.15,3.0,2.63]
std0527|2023|BSc Botany|3|[2.96,3.08,3.7,2.54,2.29,2.37]|[3.02,3.12,2.33]
std0528|2023|BSc Botany|3|[2.36,2.31,2.93,3.77,3.24]|[2.33,3.35,3.24]
std0529|2023|BSc Botany|3|[3.32,3.29,2.52,3.26,2.32,2.01]|[3.3,2.89,2.17]
std0530|2023|BSc Botany|3|[2.81,3.14,3.01,3.85,3.65,2.61]|[2.98,3.43,3.13]
std0531|2023|BSc Botany|3|[2.71,3.62,2.23,2.63,3.85]|[3.17,2.43,3.85]
std0532|2023|BSc Botany|3|[2.88,2.04,3.95,3.85,2.83,2.0]|[2.46,3.9,2.42]
std0533|2023|BSc Botany|3|[3.61,3.06,2.84,2.6,2.51,3.63]|[3.33,2.72,3.07]
std0534|2023|BSc Botany|3|[4.0,3.83,2.15,3.39,3.88]|[3.92,2.77,3.88]
std0535|2023|BSc Botany|3|[2.97,2.19,2.56,3.28,2.05]|[2.58,2.92,2.05]
std0536|2023|BSc Botany|3|[2.79,2.45,2.72,2.53,3.71,3.33]|[2.62,2.62,3.52]
std0537|2023|BSc Botany|3|[3.82,3.17,2.43,4.0,3.88,2.21]|[3.5,3.21,3.04]
std0538|2023|BSc Botany|3|[3.91,3.22,3.81,2.36,3.81]|[3.57,3.08,3.81]
std0539|2023|BSc Botany|3|[2.72,3.24,2.68,2.04,3.08,2.1]|[2.98,2.36,2.59]
std0540|2023|BSc Botany|3|[3.07,3.34,3.72,3.96,3.44]|[3.21,3.84,3.44]
std0541|2024|BSc Zoology|2|[3.51,2.92,2.32,2.3]|[3.21,2.31]
std0542|2024|BSc Zoology|2|[3.36,2.25,2.53,2.33]|[2.8,2.43]
std0543|2024|BSc Zoology|2|[3.25,2.85,2.26,3.57]|[3.05,2.92]
std0544|2024|BSc Zoology|2|[3.04,3.77,3.59,3.16]|[3.41,3.38]
std0545|2024|BSc Zoology|2|[3.03,2.31,3.86]|[2.67,3.86]
std0546|2024|BSc Zoology|2|[2.42,3.92,3.25,3.98]|[3.17,3.62]
std0547|2024|BSc Zoology|2|[3.52,2.15,2.92,2.77]|[2.83,2.84]
std0548|2024|BSc Zoology|2|[2.53,3.8,2.14]|[3.17,2.14]
std0549|2024|BSc Zoology|2|[3.29,3.52,3.32,3.59]|[3.41,3.46]
std0550|2024|BSc Zoology|2|[2.16,2.59,2.78,3.22]|[2.38,3.0]
std0551|2024|BSc Zoology|2|[3.3,3.69,3.52]|[3.5,3.52]
std0552|2024|BSc Zoology|2|[3.69,2.78,3.52]|[3.23,3.52]
std0553|2024|BSc Zoology|2|[2.51,3.0,2.13,3.37]|[2.75,2.75]
std0554|2024|BSc Zoology|2|[2.62,3.99,3.83]|[3.31,3.83]
std0555|2024|BSc Zoology|2|[2.14,2.19,2.2,2.55]|[2.17,2.38]
std0556|2024|BSc Zoology|2|[3.53,2.48,2.64]|[3.0,2.64]
std0557|2024|BSc Zoology|2|[2.39,3.23,3.51,3.92]|[2.81,3.71]
std0558|2024|BSc Zoology|2|[2.49,3.36,2.72,2.13]|[2.92,2.42]
std0559|2024|BSc Zoology|2|[3.38,2.6,2.39]|[2.99,2.39]
std0560|2024|BSc Zoology|2|[2.38,2.68,3.67,3.16]|[2.53,3.42]
std0561|2021|BSc CSIT|4|[3.35,2.39,3.87,3.17,2.5,2.85,3.17,3.4]|[2.87,3.52,2.67,3.29]
std0562|2021|BSc CSIT|4|[3.83,2.92,3.55,2.71,3.79,2.93,3.09,2.0]|[3.38,3.13,3.36,2.54]
std0563|2021|BSc CSIT|4|[3.11,2.33,2.92,2.09,2.56,3.23,2.91]|[2.72,2.5,2.9,2.91]
std0564|2021|BSc CSIT|4|[2.79,3.02,3.48,3.89,3.35,3.83,2.82]|[2.91,3.69,3.59,2.82]
std0565|2021|BSc CSIT|4|[2.81,3.38,2.1,2.66,3.22,3.07,3.25]|[3.09,2.38,3.15,3.25]
std0566|2021|BSc CSIT|4|[2.71,2.04,3.53,3.24,2.17,3.72,3.74]|[2.38,3.38,2.95,3.74]
std0567|2021|BSc CSIT|4|[3.82,2.57,3.25,3.55,2.25,2.65,2.86]|[3.19,3.4,2.45,2.86]
std0568|2021|BSc CSIT|4|[2.75,3.28,2.29,3.35,3.6,2.01,2.19]|[3.01,2.82,2.8,2.19]
std0569|2021|BSc CSIT|4|[3.68,3.48,2.28,2.72,2.98,3.61,3.85]|[3.58,2.5,3.29,3.85]
std0570|2021|BSc CSIT|4|[3.7,3.06,2.01,3.2,2.17,3.25,3.35,3.95]|[3.38,2.6,2.71,3.65]
std0571|2021|BSc CSIT|4|[2.72,2.7,2.56,3.98,2.24,3.17,3.89,2.67]|[2.71,3.27,2.71,3.28]
std0572|2021|BSc CSIT|4|[3.24,3.78,2.38,2.64,3.21,3.3,2.16]|[3.51,2.51,3.25,2.16]
std0573|2021|BSc CSIT|4|[2.49,3.22,2.58,2.21,2.16,2.04,2.57]|[2.86,2.4,2.1,2.57]
std0574|2021|BSc CSIT|4|[3.31,2.57,2.33,2.58,2.8,3.53,3.71]|[2.94,2.46,3.17,3.71]
std0575|2021|BSc CSIT|4|[2.38,3.36,3.6,3.74,2.8,2.76,3.73]|[2.87,3.67,2.78,3.73]
std0576|2021|BSc CSIT|4|[2.5,2.52,2.68,3.05,2.37,3.6,3.75,3.5]|[2.51,2.87,2.99,3.62]
std0577|2021|BSc CSIT|4|[3.31,3.43,2.7,2.68,3.4,2.14,3.06]|[3.37,2.69,2.77,3.06]
std0578|2021|BSc CSIT|4|[3.02,3.49,2.65,2.69,2.29,3.52,2.7]|[3.25,2.67,2.91,2.7]
std0579|2021|BSc CSIT|4|[3.24,3.57,2.69,3.96,2.06,2.54,3.42,3.93]|[3.41,3.33,2.3,3.67]
std0580|2021|BSc CSIT|4|[2.08,3.55,2.4,2.65,2.87,3.12,2.81]|[2.81,2.52,3.0,2.81]
std0581|2022|BCA|4|[2.3,2.43,3.91,3.02,2.42,3.43,2.67,2.44]|[2.37,3.46,2.92,2.55]
std0582|2022|BCA|4|[2.72,2.11,2.26,2.93,3.85,3.33,3.67]|[2.42,2.59,3.59,3.67]
std0583|2022|BCA|4|[2.37,3.7,3.86,2.25,2.93,2.02,3.43]|[3.04,3.05,2.48,3.43]
std0584|2022|BCA|4|[2.21,2.86,3.95,2.9,2.6,3.93,3.64,3.57]|[2.54,3.42,3.27,3.6]
std0585|2022|BCA|4|[3.55,3.7,2.3,3.75,2.88,3.65,3.25,3.71]|[3.62,3.02,3.26,3.48]
std0586|2022|BCA|4|[2.55,2.33,2.52,2.37,3.05,2.28,2.74]|[2.44,2.45,2.67,2.74]
std0587|2022|BCA|4|[2.63,3.45,3.28,2.87,2.53,3.53,3.61,2.19]|[3.04,3.08,3.03,2.9]
std0588|2022|BCA|4|[3.06,2.63,2.94,3.47,3.1,2.07,3.62,3.32]|[2.84,3.21,2.58,3.47]
std0589|2022|BCA|4|[2.09,3.16,2.43,2.54,3.73,2.3,2.87]|[2.62,2.49,3.01,2.87]
std0590|2022|BCA|4|[3.32,3.27,2.05,3.02,3.53,3.41,2.85]|[3.29,2.54,3.47,2.85]
std0591|2022|BCA|4|[2.77,2.78,2.23,3.62,2.3,3.72,2.95]|[2.77,2.92,3.01,2.95]
std0592|2022|BCA|4|[2.78,3.58,2.03,2.7,3.07,2.76,3.15]|[3.18,2.37,2.92,3.15]
std0593|2022|BCA|4|[2.13,2.17,2.63,3.66,2.66,3.25,2.87,3.98]|[2.15,3.15,2.96,3.42]
std0594|2022|BCA|4|[2.88,3.46,3.47,2.27,3.55,2.19,2.84]|[3.17,2.87,2.87,2.84]
std0595|2022|BCA|4|[3.62,2.56,3.91,2.48,3.09,2.21,2.54,3.86]|[3.09,3.2,2.65,3.2]
std0596|2022|BCA|4|[3.67,3.14,3.52,2.56,3.91,3.99,3.56]|[3.41,3.04,3.95,3.56]
std0597|2022|BCA|4|[2.86,2.6,3.42,2.53,3.23,3.29,2.17]|[2.73,2.97,3.26,2.17]
std0598|2022|BCA|4|[2.52,3.59,3.74,2.25,2.39,2.75,3.12,3.51]|[3.05,3.0,2.57,3.31]
std0599|2022|BCA|4|[3.22,3.86,3.13,2.92,3.13,3.34,2.11]|[3.54,3.02,3.23,2.11]
std0600|2022|BCA|4|[2.75,2.81,2.76,2.85,2.93,2.57,3.04]|[2.78,2.8,2.75,3.04]
std0601|2023|BE Civil|3|[2.06,2.88,3.32,3.94,3.58,3.96]|[2.47,3.63,3.77]
std0602|2023|BE Civil|3|[2.56,2.93,2.54,3.78,2.73]|[2.75,3.16,2.73]
std0603|2023|BE Civil|3|[3.89,2.37,2.12,2.57,3.2,2.04]|[3.13,2.34,2.62]
std0604|2023|BE Civil|3|[2.94,2.63,2.0,3.7,2.1]|[2.79,2.85,2.1]
std0605|2023|BE Civil|3|[2.85,2.62,2.48,3.27,3.46,2.05]|[2.74,2.88,2.75]
std0606|2023|BE Civil|3|[2.32,2.16,3.67,3.08,2.31,3.92]|[2.24,3.38,3.12]
std0607|2023|BE Civil|3|[3.77,3.46,3.13,3.14,3.43,2.72]|[3.62,3.13,3.08]
std0608|2023|BE Civil|3|[3.38,3.28,2.38,3.02,3.7]|[3.33,2.7,3.7]
std0609|2023|BE Civil|3|[2.73,3.89,2.99,3.02,2.61]|[3.31,3.0,2.61]
std0610|2023|BE Civil|3|[3.46,3.57,2.72,3.53,3.63]|[3.51,3.12,3.63]
std0611|2023|BE Civil|3|[3.42,3.3,3.12,2.62,2.82]|[3.36,2.87,2.82]
std0612|2023|BE Civil|3|[2.02,3.12,3.98,2.07,2.19,3.26]|[2.57,3.02,2.72]
std0613|2023|BE Civil|3|[3.33,3.54,2.14,3.64,2.6,3.69]|[3.44,2.89,3.15]
std0614|2023|BE Civil|3|[2.64,2.06,2.22,3.66,2.24,3.25]|[2.35,2.94,2.75]
std0615|2023|BE Civil|3|[2.26,2.47,3.5,2.34,2.71,2.34]|[2.37,2.92,2.52]
std0616|2023|BE Civil|3|[2.97,2.46,3.62,2.87,3.52]|[2.71,3.25,3.52]
std0617|2023|BE Civil|3|[2.76,3.04,3.05,3.68,2.41]|[2.9,3.37,2.41]
std0618|2023|BE Civil|3|[2.06,3.72,3.54,3.76,2.6]|[2.89,3.65,2.6]
std0619|2023|BE Civil|3|[2.64,2.47,3.53,2.81,3.73]|[2.56,3.17,3.73]
std0620|2023|BE Civil|3|[3.75,2.93,3.4,2.9,3.71,2.43]|[3.34,3.15,3.07]
std0621|2024|BE Electronics|2|[3.88,2.86,2.16]|[3.37,2.16]
std0622|2024|BE Electronics|2|[3.37,2.49,3.8,3.68]|[2.93,3.74]
std0623|2024|BE Electronics|2|[2.5,2.51,2.25]|[2.5,2.25]
std0624|2024|BE Electronics|2|[2.71,3.33,2.18]|[3.02,2.18]
std0625|2024|BE Electronics|2|[2.67,3.41,3.13]|[3.04,3.13]
std0626|2024|BE Electronics|2|[2.23,3.49,2.57,3.4]|[2.86,2.98]
std0627|2024|BE Electronics|2|[2.21,3.91,3.77]|[3.06,3.77]
std0628|2024|BE Electronics|2|[2.81,3.5,2.17]|[3.16,2.17]
std0629|2024|BE Electronics|2|[3.66,2.9,3.81]|[3.28,3.81]
std0630|2024|BE Electronics|2|[2.38,3.87,2.43]|[3.12,2.43]
std0631|2024|BE Electronics|2|[3.67,2.8,2.86]|[3.23,2.86]
std0632|2024|BE Electronics|2|[2.4,3.4,2.95,3.2]|[2.9,3.08]
std0633|2024|BE Electronics|2|[2.86,2.46,2.25,2.91]|[2.66,2.58]
std0634|2024|BE Electronics|2|[2.92,3.63,3.16]|[3.27,3.16]
std0635|2024|BE Electronics|2|[2.68,2.44,3.41]|[2.56,3.41]
std0636|2024|BE Electronics|2|[2.82,2.23,2.91]|[2.52,2.91]
std0637|2024|BE Electronics|2|[2.41,3.83,2.14,2.41]|[3.12,2.28]
std0638|2024|BE Electronics|2|[2.22,2.59,2.98,3.1]|[2.41,3.04]
std0639|2024|BE Electronics|2|[3.23,3.19,2.39,3.6]|[3.21,3.0]
std0640|2024|BE Electronics|2|[2.19,2.91,3.76,3.69]|[2.55,3.72]
std0641|2021|BBA|4|[3.18,2.1,3.01,3.57,2.47,3.75,2.5]|[2.64,3.29,3.11,2.5]
std0642|2021|BBA|4|[2.18,2.41,3.91,3.42,3.87,2.14,3.04]|[2.29,3.67,3.0,3.04]
std0643|2021|BBA|4|[3.72,3.99,2.96,2.93,2.96,3.83,3.31,3.3]|[3.86,2.95,3.4,3.3]
std0644|2021|BBA|4|[2.85,4.0,3.57,3.28,2.1,3.46,3.43,3.12]|[3.42,3.42,2.78,3.28]
std0645|2021|BBA|4|[3.09,3.22,2.35,2.88,3.39,3.13,3.04]|[3.16,2.62,3.26,3.04]
std0646|2021|BBA|4|[3.76,3.29,3.32,3.78,3.9,3.73,3.61,3.53]|[3.52,3.55,3.81,3.57]
std0647|2021|BBA|4|[3.07,3.8,3.62,3.31,3.32,2.16,3.58,3.67]|[3.43,3.46,2.74,3.62]
std0648|2021|BBA|4|[2.9,3.94,3.06,2.99,2.79,2.14,2.76,3.6]|[3.42,3.03,2.46,3.18]
std0649|2021|BBA|4|[2.6,2.27,2.31,3.64,3.92,3.15,2.8,2.64]|[2.44,2.98,3.54,2.72]
std0650|2021|BBA|4|[3.83,3.05,2.82,3.61,3.37,2.69,3.67,3.84]|[3.44,3.21,3.03,3.75]
std0651|2021|BBA|4|[3.64,3.5,3.36,3.53,2.77,2.82,2.26,2.13]|[3.57,3.44,2.79,2.19]
std0652|2021|BBA|4|[2.83,2.81,2.71,3.66,3.7,2.85,3.36]|[2.82,3.19,3.28,3.36]
std0653|2021|BBA|4|[3.48,3.52,3.45,2.99,2.17,2.68,3.91]|[3.5,3.22,2.42,3.91]
std0654|2021|BBA|4|[2.35,2.55,3.82,3.35,2.93,3.67,3.9,2.16]|[2.45,3.58,3.3,3.03]
std0655|2021|BBA|4|[3.51,3.85,2.98,3.5,2.49,3.65,2.62,2.6]|[3.68,3.24,3.07,2.61]
std0656|2021|BBA|4|[2.21,2.12,2.76,3.06,3.68,3.06,2.15,2.38]|[2.17,2.91,3.37,2.26]
std0657|2021|BBA|4|[3.96,2.56,2.42,3.16,3.44,3.22,3.92]|[3.26,2.79,3.33,3.92]
std0658|2021|BBA|4|[3.32,2.65,2.82,2.55,2.63,3.56,3.76]|[2.98,2.68,3.09,3.76]
std0659|2021|BBA|4|[2.54,3.51,3.09,2.59,2.3,3.61,3.66]|[3.02,2.84,2.96,3.66]
std0660|2021|BBA|4|[3.57,2.14,3.76,3.95,3.71,2.84,2.5,3.45]|[2.85,3.85,3.27,2.98]
std0661|2022|BSc Physics|4|[3.69,2.82,3.19,3.83,3.45,2.82,3.53]|[3.25,3.51,3.13,3.53]
std0662|2022|BSc Physics|4|[2.79,2.73,2.21,3.78,3.96,2.48,2.59]|[2.76,3.0,3.22,2.59]
std0663|2022|BSc Physics|4|[2.77,2.36,2.1,3.46,2.77,2.76,2.78]|[2.56,2.78,2.76,2.78]
std0664|2022|BSc Physics|4|[3.29,2.6,2.89,3.89,2.47,3.17,3.94]|[2.95,3.39,2.82,3.94]
std0665|2022|BSc Physics|4|[2.32,3.69,2.23,3.55,3.3,2.43,2.83,3.37]|[3.0,2.89,2.87,3.1]
std0666|2022|BSc Physics|4|[2.4,3.06,3.12,3.13,2.23,2.72,3.62]|[2.73,3.12,2.48,3.62]
std0667|2022|BSc Physics|4|[3.29,3.04,3.05,2.3,2.0,2.45,3.15,3.99]|[3.17,2.67,2.23,3.57]
std0668|2022|BSc Physics|4|[2.67,3.04,3.59,3.14,3.94,3.41,3.29]|[2.85,3.37,3.67,3.29]
std0669|2022|BSc Physics|4|[3.87,3.84,2.25,2.6,2.73,2.45,2.75,3.22]|[3.85,2.42,2.59,2.99]
std0670|2022|BSc Physics|4|[3.38,2.54,2.74,3.31,3.12,3.93,3.87,3.83]|[2.96,3.03,3.53,3.85]
std0671|2022|BSc Physics|4|[2.47,3.68,2.57,3.71,3.09,2.72,3.73,2.8]|[3.08,3.14,2.91,3.26]
std0672|2022|BSc Physics|4|[2.21,2.88,3.23,3.23,3.13,3.35,3.16,2.47]|[2.54,3.23,3.24,2.82]
std0673|2022|BSc Physics|4|[2.08,2.19,2.15,3.96,3.46,3.74,2.5]|[2.13,3.05,3.6,2.5]
std0674|2022|BSc Physics|4|[3.2,2.66,2.67,3.96,3.52,3.57,2.17]|[2.93,3.31,3.54,2.17]
std0675|2022|BSc Physics|4|[2.32,2.46,3.78,3.21,3.16,3.59,3.06,2.69]|[2.39,3.5,3.38,2.88]
std0676|2022|BSc Physics|4|[3.27,2.26,2.34,3.11,3.84,2.48,3.89,3.41]|[2.76,2.72,3.16,3.65]
std0677|2022|BSc Physics|4|[2.46,2.04,3.43,2.51,2.59,3.88,3.33]|[2.25,2.97,3.23,3.33]
std0678|2022|BSc Physics|4|[2.61,2.57,2.75,2.38,3.8,2.14,2.05]|[2.59,2.56,2.97,2.05]
std0679|2022|BSc Physics|4|[3.78,3.15,3.53,3.74,2.06,3.59,2.29,2.16]|[3.46,3.63,2.83,2.23]
std0680|2022|BSc Physics|4|[2.07,3.95,3.85,3.94,2.72,3.03,2.4]|[3.01,3.9,2.88,2.4]
std0681|2023|BSc Chemistry|3|[3.51,2.74,3.11,2.12,2.7,2.93]|[3.12,2.62,2.82]
std0682|2023|BSc Chemistry|3|[2.97,2.57,3.7,2.59,2.49,3.07]|[2.77,3.15,2.78]
std0683|2023|BSc Chemistry|3|[3.99,2.89,2.51,3.55,2.23,3.04]|[3.44,3.03,2.63]
std0684|2023|BSc Chemistry|3|[3.74,2.72,3.16,3.98,3.95,2.62]|[3.23,3.57,3.29]
std0685|2023|BSc Chemistry|3|[3.76,3.98,3.5,3.78,2.69,3.44]|[3.87,3.64,3.06]
std0686|2023|BSc Chemistry|3|[2.3,2.14,2.35,3.13,3.69,2.72]|[2.22,2.74,3.21]
std0687|2023|BSc Chemistry|3|[2.3,2.79,3.99,3.19,2.55,2.36]|[2.54,3.59,2.46]
std0688|2023|BSc Chemistry|3|[2.59,3.77,3.21,4.0,2.34,3.9]|[3.18,3.6,3.12]
std0689|2023|BSc Chemistry|3|[2.7,2.86,2.67,3.95,2.2,2.03]|[2.78,3.31,2.12]
std0690|2023|BSc Chemistry|3|[3.35,2.3,2.79,3.41,3.05]|[2.83,3.1,3.05]
std0691|2023|BSc Chemistry|3|[2.87,3.35,3.09,2.31,3.89]|[3.11,2.7,3.89]
std0692|2023|BSc Chemistry|3|[2.1,3.51,2.43,3.71,2.98]|[2.8,3.07,2.98]
std0693|2023|BSc Chemistry|3|[3.36,2.85,2.55,2.63,3.38]|[3.1,2.59,3.38]
std0694|2023|BSc Chemistry|3|[3.77,3.71,2.05,2.07,2.06]|[3.74,2.06,2.06]
std0695|2023|BSc Chemistry|3|[2.47,3.22,2.77,2.74,3.87]|[2.85,2.75,3.87]
std0696|2023|BSc Chemistry|3|[2.19,2.8,3.63,3.91,2.57]|[2.5,3.77,2.57]
std0697|2023|BSc Chemistry|3|[3.15,2.05,3.43,2.29,3.94]|[2.6,2.86,3.94]
std0698|2023|BSc Chemistry|3|[3.18,2.2,2.88,2.77,3.76,2.23]|[2.69,2.83,3.0]
std0699|2023|BSc Chemistry|3|[2.28,2.09,2.81,2.77,2.85,2.31]|[2.18,2.79,2.58]
std0700|2023|BSc Chemistry|3|[3.27,2.49,3.36,3.21,2.09]|[2.88,3.29,2.09]
std0701|2024|BA Sociology|2|[2.34,2.29,3.87]|[2.31,3.87]
std0702|2024|BA Sociology|2|[2.71,2.55,3.69,2.77]|[2.63,3.23]
std0703|2024|BA Sociology|2|[3.83,2.21,3.33]|[3.02,3.33]
std0704|2024|BA Sociology|2|[3.98,3.95,3.06]|[3.96,3.06]
std0705|2024|BA Sociology|2|[2.76,3.29,3.82]|[3.02,3.82]
std0706|2024|BA Sociology|2|[2.55,2.61,3.52]|[2.58,3.52]
std0707|2024|BA Sociology|2|[2.13,2.02,3.84]|[2.08,3.84]
std0708|2024|BA Sociology|2|[3.94,2.06,3.5,2.01]|[3.0,2.75]
std0709|2024|BA Sociology|2|[2.24,2.79,3.59,3.84]|[2.52,3.71]
std0710|2024|BA Sociology|2|[2.87,3.82,2.09]|[3.34,2.09]
std0711|2024|BA Sociology|2|[2.84,2.59,3.46]|[2.71,3.46]
std0712|2024|BA Sociology|2|[3.63,3.52,3.39,2.9]|[3.58,3.15]
std0713|2024|BA Sociology|2|[3.99,3.14,2.44]|[3.57,2.44]
std0714|2024|BA Sociology|2|[2.97,3.59,3.88,2.74]|[3.28,3.31]
std0715|2024|BA Sociology|2|[2.92,3.58,2.06]|[3.25,2.06]
std0716|2024|BA Sociology|2|[3.25,3.76,2.05]|[3.5,2.05]
std0717|2024|BA Sociology|2|[3.69,2.45,3.88]|[3.07,3.88]
std0718|2024|BA Sociology|2|[2.94,2.69,3.65,3.82]|[2.81,3.73]
std0719|2024|BA Sociology|2|[2.53,2.37,2.69,3.24]|[2.45,2.96]
std0720|2024|BA Sociology|2|[3.08,3.72,3.82]|[3.4,3.82]
std0721|2021|BE Computer|4|[2.99,2.71,2.42,3.0,2.78,2.39,2.85,3.47]|[2.85,2.71,2.58,3.16]
std0722|2021|BE Computer|4|[2.43,2.29,3.46,2.84,3.2,3.15,3.45]|[2.36,3.15,3.17,3.45]
std0723|2021|BE Computer|4|[2.78,2.96,2.15,2.4,2.32,2.02,2.81,3.78]|[2.87,2.27,2.17,3.29]
std0724|2021|BE Computer|4|[2.85,3.2,2.07,3.22,2.61,3.32,3.34,2.69]|[3.03,2.65,2.96,3.01]
std0725|2021|BE Computer|4|[2.41,3.59,2.69,3.11,2.41,2.25,2.66]|[3.0,2.9,2.33,2.66]
std0726|2021|BE Computer|4|[2.65,2.83,3.35,3.05,3.0,3.28,3.33,2.92]|[2.74,3.2,3.14,3.12]
std0727|2021|BE Computer|4|[3.57,3.96,2.47,3.21,2.45,3.81,3.82]|[3.76,2.84,3.13,3.82]
std0728|2021|BE Computer|4|[2.97,2.39,2.71,3.38,2.43,2.73,2.23,2.86]|[2.68,3.04,2.58,2.54]
std0729|2021|BE Computer|4|[2.54,2.76,2.69,3.33,3.85,3.6,3.13,3.74]|[2.65,3.01,3.73,3.44]
std0730|2021|BE Computer|4|[3.06,3.37,2.65,2.17,2.11,2.96,2.89,3.88]|[3.21,2.41,2.54,3.38]
std0731|2021|BE Computer|4|[2.3,2.56,2.76,3.17,3.8,2.7,3.98]|[2.43,2.96,3.25,3.98]
std0732|2021|BE Computer|4|[3.23,3.5,2.09,3.6,2.01,3.01,3.8,3.52]|[3.37,2.84,2.51,3.66]
std0733|2021|BE Computer|4|[2.86,3.47,3.88,2.31,3.75,3.43,2.06,3.42]|[3.17,3.09,3.59,2.74]
std0734|2021|BE Computer|4|[2.97,3.74,2.65,2.89,3.54,3.93,3.46,3.34]|[3.36,2.77,3.74,3.4]
std0735|2021|BE Computer|4|[3.85,3.76,3.95,3.72,2.06,2.61,2.44]|[3.8,3.83,2.33,2.44]
std0736|2021|BE Computer|4|[3.23,3.36,3.71,2.0,3.31,3.8,2.33]|[3.29,2.85,3.55,2.33]
std0737|2021|BE Computer|4|[3.91,3.63,3.6,3.39,3.23,2.18,2.2]|[3.77,3.5,2.71,2.2]
std0738|2021|BE Computer|4|[3.03,3.64,3.53,2.98,2.6,2.47,3.37]|[3.33,3.25,2.54,3.37]
std0739|2021|BE Computer|4|[3.47,2.46,2.52,3.37,3.3,2.56,3.33]|[2.96,2.95,2.93,3.33]
std0740|2021|BE Computer|4|[2.02,2.3,2.0,3.78,3.6,2.93,2.53]|[2.16,2.89,3.27,2.53]
std0741|2022|BSc Math|4|[3.78,2.87,2.99,2.31,3.13,2.58,2.3,2.49]|[3.33,2.65,2.85,2.4]
std0742|2022|BSc Math|4|[2.58,3.34,3.96,3.67,3.15,3.5,2.53,3.19]|[2.96,3.81,3.33,2.86]
std0743|2022|BSc Math|4|[2.9,3.97,2.87,2.92,2.17,2.12,3.43]|[3.44,2.9,2.15,3.43]
std0744|2022|BSc Math|4|[3.7,2.39,3.75,2.23,2.85,3.26,3.51,2.54]|[3.04,2.99,3.05,3.02]
std0745|2022|BSc Math|4|[2.14,2.4,2.08,3.49,2.77,3.95,3.84,3.31]|[2.27,2.79,3.36,3.58]
std0746|2022|BSc Math|4|[2.94,2.35,3.87,3.65,2.36,2.74,2.02,2.54]|[2.65,3.76,2.55,2.28]
std0747|2022|BSc Math|4|[3.13,2.46,2.87,3.73,3.79,3.27,2.46,2.58]|[2.79,3.3,3.53,2.52]
std0748|2022|BSc Math|4|[3.5,3.15,2.9,2.03,2.3,2.06,2.71]|[3.33,2.46,2.18,2.71]
std0749|2022|BSc Math|4|[3.12,2.43,3.56,3.85,3.18,2.43,2.75,3.23]|[2.78,3.71,2.81,2.99]
std0750|2022|BSc Math|4|[2.64,3.21,3.36,2.57,2.98,2.71,2.25]|[2.92,2.96,2.84,2.25]
std0751|2022|BSc Math|4|[2.34,3.1,2.08,3.25,3.15,2.92,2.89]|[2.72,2.67,3.04,2.89]
std0752|2022|BSc Math|4|[3.98,3.24,2.17,2.47,2.9,3.83,2.37]|[3.61,2.32,3.37,2.37]
std0753|2022|BSc Math|4|[3.63,2.26,3.1,2.27,2.14,3.74,3.97]|[2.94,2.69,2.94,3.97]
std0754|2022|BSc Math|4|[2.67,3.38,2.46,2.8,3.23,3.0,3.24,2.48]|[3.02,2.63,3.12,2.86]
std0755|2022|BSc Math|4|[3.56,2.7,3.77,3.33,3.18,2.03,3.37,3.19]|[3.13,3.55,2.6,3.28]
std0756|2022|BSc Math|4|[3.04,2.5,3.61,2.44,2.24,2.49,2.53]|[2.77,3.02,2.37,2.53]
std0757|2022|BSc Math|4|[3.71,3.96,3.72,2.35,3.79,3.61,3.71,3.64]|[3.83,3.04,3.7,3.67]
std0758|2022|BSc Math|4|[2.79,3.69,3.15,3.51,2.5,3.15,2.65,3.39]|[3.24,3.33,2.83,3.02]
std0759|2022|BSc Math|4|[3.73,2.26,2.74,3.0,3.54,2.22,2.93]|[3.0,2.87,2.88,2.93]
std0760|2022|BSc Math|4|[3.03,3.79,3.9,3.01,2.89,3.21,2.19,3.72]|[3.41,3.46,3.05,2.96]
std0761|2023|BEd|3|[3.77,3.49,2.8,3.06,2.25,3.27]|[3.63,2.93,2.76]
std0762|2023|BEd|3|[3.21,3.61,3.62,3.46,2.09]|[3.41,3.54,2.09]
std0763|2023|BEd|3|[2.05,2.96,2.81,2.42,2.52]|[2.5,2.62,2.52]
std0764|2023|BEd|3|[3.71,2.28,3.44,3.16,3.92]|[3.0,3.3,3.92]
std0765|2023|BEd|3|[2.45,2.59,2.98,2.48,2.7]|[2.52,2.73,2.7]
std0766|2023|BEd|3|[3.26,2.69,2.88,2.75,3.88]|[2.97,2.81,3.88]
std0767|2023|BEd|3|[3.18,3.83,2.24,3.36,3.23,2.41]|[3.5,2.8,2.82]
std0768|2023|BEd|3|[3.6,2.58,3.66,2.25,3.72,3.0]|[3.09,2.96,3.36]
std0769|2023|BEd|3|[2.18,2.75,3.14,3.33,3.76,2.87]|[2.46,3.24,3.31]
std0770|2023|BEd|3|[2.32,2.44,2.31,3.12,2.32]|[2.38,2.71,2.32]
std0771|2023|BEd|3|[2.05,3.09,3.86,3.58,2.41,2.49]|[2.57,3.72,2.45]
std0772|2023|BEd|3|[3.96,3.24,3.42,2.77,2.44]|[3.6,3.09,2.44]
std0773|2023|BEd|3|[3.95,2.02,3.17,3.15,3.64,2.47]|[2.99,3.16,3.06]
std0774|2023|BEd|3|[3.16,3.06,3.39,2.41,3.37,2.68]|[3.11,2.9,3.03]
std0775|2023|BEd|3|[2.58,3.48,3.04,2.42,2.32,3.19]|[3.03,2.73,2.75]
std0776|2023|BEd|3|[3.17,3.9,3.03,3.65,2.75]|[3.54,3.34,2.75]
std0777|2023|BEd|3|[3.26,3.3,3.33,3.99,3.53,3.49]|[3.28,3.66,3.51]
std0778|2023|BEd|3|[2.5,3.23,2.17,2.62,3.03,3.25]|[2.87,2.4,3.14]
std0779|2023|BEd|3|[2.64,2.75,3.68,3.3,2.84,3.67]|[2.7,3.49,3.25]
std0780|2023|BEd|3|[2.85,2.49,2.15,3.65,2.08]|[2.67,2.9,2.08]
std0781|2024|BA English|2|[3.13,2.65,3.73]|[2.89,3.73]
std0782|2024|BA English|2|[3.89,2.7,2.02]|[3.29,2.02]
std0783|2024|BA English|2|[3.54,3.72,3.2,2.55]|[3.63,2.88]
std0784|2024|BA English|2|[3.62,3.7,2.57,3.65]|[3.66,3.11]
std0785|2024|BA English|2|[3.66,2.31,3.04,2.75]|[2.99,2.9]
std0786|2024|BA English|2|[2.33,3.85,2.12,2.35]|[3.09,2.24]
std0787|2024|BA English|2|[3.11,2.38,2.25]|[2.75,2.25]
std0788|2024|BA English|2|[2.53,2.55,3.54,2.53]|[2.54,3.04]
std0789|2024|BA English|2|[2.72,3.52,2.37,3.73]|[3.12,3.05]
std0790|2024|BA English|2|[2.12,2.88,3.77]|[2.5,3.77]
std0791|2024|BA English|2|[3.76,3.88,2.27,2.64]|[3.82,2.46]
std0792|2024|BA English|2|[3.22,2.04,3.69]|[2.63,3.69]
std0793|2024|BA English|2|[3.16,2.7,2.35,2.66]|[2.93,2.5]
std0794|2024|BA English|2|[2.14,3.66,3.19]|[2.9,3.19]
std0795|2024|BA English|2|[2.33,3.02,2.91]|[2.67,2.91]
std0796|2024|BA English|2|[2.94,4.0,3.58,3.51]|[3.47,3.54]
std0797|2024|BA English|2|[3.28,3.27,3.34,3.32]|[3.27,3.33]
std0798|2024|BA English|2|[2.32,3.1,3.93]|[2.71,3.93]
std0799|2024|BA English|2|[2.47,2.23,3.43]|[2.35,3.43]
std0800|2024|BA English|2|[3.63,2.83,3.17]|[3.23,3.17]
